1814 1815
4414 4418
5844 5845
6174 6175
6847 6848
7365 7366
7381 7382
7525 7526
7692 7693
8063 8064
8074 8076
8106 8107
8580 8581
8604 8605
9850 9851
9947 9948
10430 10431
10660 10662
10666 10667
10805 10806
11111 11112
11150 11151
11773 11774
13205 13206
13208 13209
13211 13212
13217 13218
13349 13352
15033 15034
15216 15217
15447 15449
15454 15455
15874 15875
15964 15965
16197 16198
17307 17308
17309 17310
18587 18588
20578 20579
20858 20859
22794 22795
22797 22798
25853 25854
25857 25858
25860 25861
25866 25867
25868 25869
25870 25873
25908 25909
26282 26283
26291 26292
26802 26803
26870 26871
26999 27000
27467 27468
27769 27770
28058 28059
28099 28100
28235 28236
28239 28240
28241 28242
28243 28244
28247 28248
28251 28252
28753 28754
29476 29477
30225 30226
30378 30379
32107 32108
32112 32113
32410 32411
32624 32625
44941 44942
46905 46906
46977 46978
48075 48076
48201 48202
48572 48573
48748 48749
48754 48755
49241 49242
49397 49398
49462 49463
49585 49586
49589 49590
49881 49882
50177 50178
50793 50794
51140 51141
51713 51714
51827 51828
51888 51889
52373 52375
52425 52426
52457 52458
53535 53538
53939 53940
54384 54385
54675 54676
54784 54785
54957 54958
55958 55959
56168 56170
56416 56418
56507 56508
56860 56861
56862 56863
57270 57271
57835 57836
58222 58224
58439 58440
58660 58661
58725 58726
58951 58952
58990 58991
59517 59520
60462 60463
60575 60576
60820 60821
61420 61421
62020 62021
63998 63999
65011 65014
65624 65625
65699 65700
68731 68732
68880 68881
69476 69477
70032 70033
70465 70466
70467 70468
70469 70470
70879 70881
71168 71169
71325 71326
71463 71464
71567 71568
71683 71684
71875 71876
72271 72272
73055 73057
73298 73299
73682 73684
74665 74666
74762 74763
74819 74820
75033 75034
75692 75693
75787 75788
78745 78746
78753 78754
80207 80208
83894 83895
85803 85804
86638 86639
86674 86675
87078 87079
87948 87950
88043 88044
90551 90552
91064 91065
91145 91147
91256 91257
91701 91704
91830 91831
91971 91972
91973 91974
91980 91981
92842 92843
93630 93631
94944 94945
96671 96672
97360 97361
97632 97633
97846 97847
98133 98134
98224 98225
98260 98261
98443 98444
99288 99289
99331 99333
99537 99538
99629 99630
99633 99634
101208 101209
101546 101547
101566 101567
101789 101790
102050 102051
102106 102107
102128 102129
102311 102312
102319 102320
102323 102324
102330 102331
102335 102336
102340 102341
102352 102353
102356 102357
102361 102362
102365 102366
104445 104447
104669 104670
104734 104735
104767 104768
105546 105547
105727 105728
106605 106606
106607 106608
106804 106805
107062 107063
107357 107358
108072 108073
108074 108075
108079 108080
108084 108085
108652 108653
108698 108699
108908 108909
109131 109132
110022 110023
110026 110027
110369 110370
110479 110480
110676 110677
111549 111551
111861 111862
112343 112344
112354 112355
112734 112736
113137 113138
113258 113259
113266 113267
114003 114004
114189 114190
114400 114401
114580 114581
114587 114588
115201 115202
115619 115620
115797 115798
118307 118308
118481 118482
118556 118557
120488 120489
120492 120493
120494 120495
121245 121246
121759 121760
122082 122083
122601 122602
122803 122804
122885 122886
122888 122889
123512 123513
124572 124573
124602 124603
125374 125375
125482 125484
125551 125552
125553 125554
125556 125557
125785 125786
125791 125792
125796 125797
125818 125820
126138 126140
126214 126215
126542 126543
126585 126586
126846 126847
127732 127733
129145 129146
130014 130015
130073 130074
130528 130529
130845 130846
131070 131071
131753 131754
131956 131957
132095 132096
132558 132559
132938 132940
133304 133305
133635 133636
133777 133778
136739 136740
136748 136749
138116 138117
138298 138299
138827 138829
138982 138983
139038 139039
139490 139491
139952 139953
139954 139956
141548 141549
141551 141552
141877 141878
141905 141906
141984 141985
142200 142201
142273 142274
142275 142276
142372 142373
142983 142984
143116 143117
143118 143119
143501 143502
143504 143505
143582 143583
143587 143588
144178 144179
144231 144232
144354 144355
144838 144841
144858 144859
145095 145099
145103 145104
145107 145109
145273 145274
145280 145281
145294 145295
145872 145873
146515 146516
146522 146523
146525 146526
146790 146791
147156 147157
147263 147264
147598 147600
148079 148080
148110 148111
148119 148120
148132 148133
148134 148135
150261 150262
150748 150749
150751 150752
151282 151283
151467 151468
151471 151472
153316 153317
153319 153320
153632 153633
154348 154349
154352 154353
155838 155839
156423 156425
156611 156612
156780 156781
156782 156783
157153 157154
157247 157248
158488 158489
158497 158498
158569 158570
159994 159995
160388 160389
160988 160989
162527 162528
163564 163565
163582 163583
163585 163586
164017 164018
164104 164106
164385 164386
164598 164599
165068 165069
166393 166394
166713 166714
166716 166717
166718 166719
166882 166883
167155 167156
167158 167159
167162 167163
167164 167165
167166 167167
167196 167197
167230 167231
167351 167352
167357 167358
167616 167617
167886 167887
168979 168980
169392 169393
169872 169873
174155 174156
174467 174468
174630 174632
174853 174854
175134 175136
175216 175217
176245 176246
182730 182731
184591 184593
185203 185204
185206 185207
185208 185209
185212 185213
185965 185966
185967 185968
191994 191995
192819 192820
194532 194534
195161 195162
195192 195194
195256 195257
195316 195317
195367 195368
195498 195499
196735 196736
197523 197524
197781 197782
197833 197835
198414 198415
198717 198718
199985 199986
200835 200836
200953 200954
201159 201160
201279 201280
201499 201500
201609 201610
201734 201735
201904 201905
202430 202431
202524 202525
202599 202600
203559 203560
204020 204021
204785 204786
204801 204802
205648 205649
206952 206953
208744 208745
208964 208965
209039 209040
209187 209188
209856 209857
210720 210721
210767 210768
212626 212627
213464 213466
213511 213512
213658 213659
213660 213661
213665 213666
215304 215305
216203 216204
216747 216748
219483 219484
220168 220169
220509 220510
220723 220724
220990 220991
221047 221048
221069 221070
221436 221437
221474 221475
222222 222223
222471 222472
222592 222594
222789 222790
223081 223082
223117 223118
223281 223283
223406 223407
223504 223505
223602 223603
223609 223610
223919 223920
223982 223983
224218 224219
224956 224957
225672 225673
225712 225714
226251 226252
226254 226255
227291 227292
227685 227686
228417 228419
229004 229005
229013 229014
229016 229017
229272 229273
229365 229366
229492 229493
230043 230044
230046 230047
230688 230689
231317 231318
231903 231904
232078 232079
232292 232293
232321 232322
232885 232886
233008 233009
233438 233439
233653 233654
233656 233659
234759 234760
234800 234801
235125 235126
235993 235994
240068 240069
240223 240224
240538 240539
240540 240541
240638 240639
240810 240811
240823 240824
241011 241012
241277 241278
241841 241842
241843 241844
241852 241853
242197 242198
242325 242326
242608 242610
242622 242623
242714 242715
243907 243908
244986 244987
245014 245015
245050 245051
245380 245381
246064 246065
246281 246282
246431 246432
246604 246605
246775 246776
246851 246852
246921 246923
246979 246980
246984 246985
246986 246987
254611 254612
254715 254716
254723 254724
254824 254827
254895 254896
254897 254898
255209 255210
255787 255788
255789 255790
255807 255808
255809 255810
255969 255970
256209 256210
256556 256557
257863 257864
258262 258263
258265 258266
258271 258272
258401 258402
258690 258691
258814 258815
259014 259015
259656 259657
260357 260358
261881 261882
262718 262719
263035 263036
263055 263056
263183 263184
263516 263517
263645 263646
264313 264314
264455 264456
264526 264527
264715 264716
265608 265609
265707 265708
265849 265850
266071 266072
266746 266747
267248 267251
267252 267254
267595 267596
269323 269324
269468 269469
270527 270528
270586 270587
270592 270593
270714 270715
270716 270717
271201 271202
271207 271208
271517 271518
271857 271859
271861 271863
272163 272164
272238 272239
272840 272841
272844 272846
272899 272900
274144 274145
274276 274277
274853 274854
274856 274857
275168 275169
276013 276014
276223 276224
276276 276277
276300 276301
277119 277120
277213 277214
277627 277628
278056 278057
278295 278296
278962 278963
279253 279254
280189 280190
280467 280468
280895 280896
281282 281283
281346 281347
281463 281464
281866 281867
282304 282305
282396 282397
282540 282541
282761 282762
282985 282987
283040 283041
283181 283182
283675 283676
284217 284218
284433 284434
284468 284469
284707 284708
284864 284865
285172 285173
285380 285381
285431 285432
285602 285603
285668 285669
285672 285673
285675 285676
285686 285687
285998 285999
286586 286587
286831 286832
286988 286989
286992 286993
287077 287078
287547 287548
287553 287554
288714 288716
289122 289123
291979 291982
291989 291990
292431 292432
293341 293342
293707 293708
294102 294103
297076 297077
297453 297454
297880 297881
301124 301125
302696 302697
302698 302699
303140 303141
303448 303449
303649 303650
304924 304925
305059 305060
305239 305240
305363 305364
305395 305396
305405 305406
305407 305408
305420 305421
305685 305686
306304 306305
306307 306308
306576 306577
306580 306581
306833 306834
307230 307231
307514 307515
308631 308632
308939 308940
309025 309026
309415 309416
309486 309487
309658 309659
309814 309815
309861 309862
309956 309957
310120 310121
310548 310549
310958 310959
311816 311817
311818 311819
312068 312069
312404 312405
312414 312415
312687 312688
312693 312694
312769 312770
313133 313134
315047 315048
316203 316204
316291 316292
316497 316498
319977 319978
320082 320083
320123 320124
320444 320445
320791 320792
322103 322104
322153 322154
322291 322292
322293 322294
323203 323204
333876 333877
333880 333881
333884 333885
333886 333887
334314 334315
335599 335600
335605 335606
336140 336141
336279 336280
336366 336367
336412 336413
336610 336611
337712 337713
338379 338380
369963 369964
370691 370692
370986 370987
370988 370989
372147 372148
372653 372654
373359 373360
373613 373614
374570 374571
374577 374578
374813 374814
374831 374834
375052 375056
375483 375484
375753 375754
375784 375785
376096 376097
377671 377672
379036 379037
379050 379051
379326 379327
379889 379890
380036 380037
380536 380537
380613 380614
380810 380811
381015 381016
381113 381114
381240 381241
381309 381310
381924 381925
382382 382383
382451 382452
382524 382525
383622 383623
383680 383681
384023 384024
384026 384027
384040 384041
384042 384043
384048 384049
384051 384052
384055 384056
384064 384065
384312 384313
384989 384991
385335 385336
385743 385744
386847 386848
390485 390486
395068 395069
395072 395073
395397 395398
396948 396949
398521 398522
399393 399394
399408 399409
400077 400078
400362 400365
400366 400369
400547 400548
400554 400555
400561 400562
400895 400896
401469 401470
401906 401907
402351 402352
402448 402449
402958 402959
403341 403342
403539 403540
405380 405381
406055 406056
406115 406116
410623 410624
411796 411797
411800 411801
412274 412275
412334 412335
412492 412493
412666 412667
413482 413483
413596 413597
415361 415362
415628 415629
415721 415722
416329 416330
416742 416743
416955 416956
417981 417982
418139 418140
418302 418303
418905 418906
419261 419263
421107 421108
421778 421779
421951 421952
421953 421954
422256 422257
422437 422438
422461 422462
422994 422995
423279 423280
424875 424876
426558 426559
426835 426836
428328 428329
428417 428418
430215 430216
430303 430304
430430 430431
430575 430576
430613 430614
430848 430849
432197 432198
432473 432474
433106 433107
433140 433141
433458 433459
433557 433560
433764 433765
433810 433811
433936 433937
435533 435534
436396 436397
436810 436811
436812 436813
437347 437348
438221 438222
438977 438978
439742 439744
440177 440178
440652 440653
440740 440741
440755 440756
441326 441327
441514 441515
441548 441549
442214 442215
442326 442327
442329 442330
443088 443089
444791 444792
444794 444795
445467 445468
445570 445571
446043 446044
446365 446366
448733 448734
449752 449753
449827 449828
450389 450390
450513 450514
450856 450857
452255 452256
453833 453835
453870 453871
454333 454336
454353 454358
454722 454723
455447 455448
455943 455944
456241 456242
456376 456377
456533 456534
458270 458271
460428 460429
460768 460769
460778 460779
461068 461069
461422 461423
462040 462041
462355 462356
463937 463938
463974 463975
465010 465011
465012 465014
465513 465515
468424 468425
468429 468430
470339 470340
471580 471581
472032 472033
473059 473060
473091 473092
473143 473145
473205 473206
473788 473792
473809 473810
473929 473930
474209 474210
474241 474242
474304 474305
474381 474382
474383 474385
474957 474958
474961 474962
475099 475100
477144 477145
480695 480696
480697 480698
481011 481012
481472 481473
481599 481600
481715 481716
481910 481911
482777 482778
483752 483753
484264 484265
484648 484649
485921 485922
487704 487705
489580 489581
491985 491986
493602 493603
493604 493605
496611 496612
496806 496809
497969 497970
497978 497979
499613 499614
499617 499618
499674 499676
500060 500061
500482 500483
500641 500644
502176 502178
503889 503890
504238 504239
505809 505810
506800 506801
507184 507185
508268 508271
508541 508542
508852 508853
508909 508910
510118 510119
510168 510172
511106 511107
511391 511392
511393 511394
512107 512108
512212 512213
512625 512626
513069 513070
513599 513600
514095 514097
514546 514547
515403 515404
515512 515513
515631 515632
516766 516767
518362 518363
518630 518631
519097 519098
519535 519536
519611 519613
519938 519939
520945 520946
522960 522961
523080 523081
524050 524051
524322 524323
524440 524441
524819 524820
525198 525200
525926 525927
525939 525940
526193 526195
526472 526473
526535 526536
526645 526646
526787 526788
527013 527014
527017 527019
527723 527724
529914 529915
531613 531614
531816 531817
532000 532001
532790 532791
533637 533639
533730 533731
536165 536166
536715 536716
537066 537067
537068 537069
538191 538192
538334 538335
539041 539042
539306 539307
539453 539454
539953 539955
540184 540185
540330 540331
540386 540390
541319 541320
541344 541345
542478 542482
542499 542500
542662 542663
543035 543036
543040 543041
543406 543407
543911 543912
543961 543962
544197 544198
544204 544205
544228 544229
544242 544243
544639 544640
544807 544808
545928 545929
546550 546551
547714 547715
547720 547721
547723 547724
547726 547727
547933 547934
548054 548055
549325 549326
549359 549360
549387 549388
549441 549442
549869 549870
550253 550254
554399 554400
554486 554487
554670 554671
556179 556180
556315 556316
556690 556691
556811 556812
557511 557512
558220 558221
558285 558286
558301 558302
558822 558823
559203 559204
559623 559624
559626 559627
559628 559629
559630 559631
560017 560018
561401 561402
562208 562209
562378 562379
562867 562868
562888 562889
563043 563044
563045 563046
563065 563066
563527 563528
563718 563719
564162 564163
564237 564238
564425 564426
564565 564567
564677 564678
565345 565346
565683 565684
566420 566421
566423 566424
566452 566453
567537 567538
567542 567543
567701 567702
567970 567971
568064 568065
568338 568339
568387 568388
568400 568402
568998 568999
569421 569422
570105 570106
570267 570268
570764 570765
570970 570971
571640 571641
571780 571781
572890 572891
572907 572908
573246 573247
573759 573760
574072 574073
574239 574240
574363 574364
574522 574523
574712 574713
574939 574940
574962 574963
575352 575353
575355 575356
576114 576116
576326 576327
576400 576401
576568 576569
576615 576617
576652 576653
576739 576740
576959 576960
577252 577253
577615 577617
577679 577680
577790 577791
578252 578253
580196 580197
580216 580218
581791 581792
582724 582725
583350 583351
584351 584352
584389 584390
584495 584496
584520 584521
584606 584607
584674 584675
585076 585080
586466 586467
586982 586983
587132 587133
587377 587378
587527 587528
587773 587774
587810 587811
588299 588300
588726 588727
589458 589459
589609 589610
589993 589994
590082 590083
590177 590178
590179 590180
590186 590187
590527 590528
590652 590653
590919 590920
591014 591016
591120 591121
591125 591126
591301 591302
591321 591322
591475 591476
591477 591478
591611 591612
591628 591630
591795 591796
592296 592297
592952 592953
593636 593637
593743 593744
593823 593824
593837 593838
594663 594664
598134 598135
598524 598525
603692 603693
603804 603805
604918 604919
605589 605590
606599 606600
606866 606867
607589 607590
609912 609913
610562 610563
610732 610733
610816 610817
610901 610902
610910 610911
611170 611171
611349 611350
612021 612022
612053 612056
612074 612075
612614 612615
613323 613324
613473 613476
613546 613547
614577 614578
614993 614994
615154 615155
615657 615658
615663 615664
615670 615671
615731 615732
616060 616065
616541 616542
616581 616582
616585 616586
616644 616645
617368 617369
618013 618014
618019 618021
618432 618433
618800 618801
618852 618853
619781 619782
620847 620848
621484 621485
621680 621681
621786 621787
622362 622363
622534 622535
623115 623117
623152 623153
623399 623400
623551 623552
624314 624315
624449 624450
625409 625410
627615 627616
627716 627717
633228 633229
633527 633528
633913 633915
634281 634282
634491 634492
634505 634506
634895 634896
634916 634917
635034 635036
635252 635253
635331 635332
635661 635662
636269 636270
637175 637176
637196 637198
637217 637218
637251 637252
637323 637324
638306 638307
638435 638436
638481 638482
638487 638488
638666 638667
639083 639084
639162 639163
639166 639167
639169 639170
639172 639173
641744 641745
641769 641770
642910 642911
642913 642914
643637 643638
679530 679531
679623 679624
679720 679721
679724 679725
679898 679900
680178 680179
680186 680187
680404 680405
680681 680682
680935 680936
681426 681427
681520 681521
681769 681770
681904 681905
682059 682061
682806 682807
683743 683744
684458 684462
685230 685231
685232 685233
685367 685368
685882 685883
686263 686264
686280 686281
686354 686355
686877 686878
687176 687177
687276 687277
687471 687473
688196 688197
688410 688411
689302 689303
689370 689371
689428 689429
689558 689559
689589 689590
689619 689620
689751 689753
689912 689913
690324 690325
692633 692634
692796 692797
692832 692833
692837 692838
693366 693367
694644 694645
695040 695041
695429 695431
696012 696013
696172 696173
696749 696750
697844 697845
698178 698179
698232 698233
699549 699550
700188 700189
700191 700192
700298 700299
700304 700305
700382 700383
701260 701261
701737 701738
702123 702124
702126 702127
702323 702324
702327 702328
702579 702581
702948 702949
703019 703020
703277 703278
703295 703298
703834 703835
703836 703837
704035 704036
704042 704043
704607 704608
704828 704829
704832 704833
704837 704838
704840 704841
705089 705090
706825 706826
706827 706829
706907 706908
707345 707346
707724 707725
707729 707730
708145 708146
708252 708253
708256 708257
708362 708363
708371 708372
709127 709128
709549 709550
710344 710345
711069 711070
711499 711500
711870 711871
714136 714137
714231 714234
714472 714473
715208 715209
715535 715536
715816 715817
715996 715997
715999 716000
716020 716021
716387 716388
716451 716452
716604 716605
717035 717036
717666 717668
717710 717711
718119 718120
719243 719244
719403 719404
719507 719508
720460 720461
723650 723651
723926 723927
724146 724147
724150 724151
724158 724159
724160 724161
724162 724163
724763 724764
724765 724766
724969 724970
725075 725076
725079 725080
725408 725409
725649 725650
725766 725768
726165 726166
726407 726408
726411 726412
726851 726852
727868 727869
730972 730973
730975 730976
731949 731951
731983 731985
732864 732865
734085 734086
734380 734381
734921 734922
735227 735228
735321 735322
735681 735682
735959 735960
736897 736898
736920 736922
737302 737303
737371 737372
737374 737375
738321 738322
738752 738753
738836 738838
738961 738962
738967 738968
739458 739459
740236 740237
740262 740263
740426 740427
740428 740429
740500 740501
740752 740753
741662 741663
742341 742342
742522 742524
742648 742649
742694 742695
744347 744348
744715 744716
744847 744848
745752 745753
745760 745761
745954 745955
746138 746139
746271 746272
746834 746835
746836 746837
747106 747107
747345 747346
747417 747418
747441 747442
747524 747525
748134 748135
748721 748722
748863 748864
749157 749158
749615 749616
749812 749814
749815 749816
749836 749837
750062 750063
750274 750275
750278 750279
750731 750732
750733 750734
750736 750737
752499 752500
752910 752911
753640 753641
753919 753920
753952 753953
754450 754452
754587 754588
754733 754734
755488 755490
756878 756879
756957 756959
757687 757688
757834 757835
757836 757837
757975 757976
757977 757978
757981 757982
758187 758188
758190 758191
758194 758195
758342 758343
759024 759025
759105 759106
759182 759185
759243 759244
759246 759248
759770 759771
760300 760301
760793 760796
760832 760833
760846 760847
761114 761115
761255 761257
761276 761277
761515 761516
761563 761564
762746 762747
763107 763108
763259 763260
764758 764759
765106 765107
765409 765410
766769 766770
766973 766974
767570 767571
768355 768356
768845 768846
768930 768931
769002 769003
770153 770154
770616 770617
770893 770894
770942 770943
771122 771123
771953 771954
772270 772271
772503 772504
772911 772914
773504 773505
773551 773552
773840 773841
774154 774155
774938 774939
776150 776151
776237 776238
777732 777733
778056 778057
778107 778108
778125 778126
779342 779343
780191 780192
781831 781832
782671 782672
783165 783166
784233 784234
786679 786680
786854 786855
787399 787400
787553 787554
787646 787647
787991 787992
788181 788182
788423 788424
788476 788477
788791 788792
788984 788985
789870 789871
789924 789925
790609 790610
790611 790612
790614 790615
790735 790736
790953 790955
791464 791465
791536 791537
792243 792244
792810 792811
793741 793742
793754 793755
793862 793863
794299 794300
794633 794634
796539 796540
798954 798955
798974 798975
799265 799266
800226 800227
800384 800385
800620 800621
807192 807193
807217 807218
807457 807458
807822 807823
808004 808005
808162 808163
808867 808868
808869 808870
809407 809408
809515 809517
809586 809587
810410 810411
810918 810919
810923 810924
810926 810927
810931 810932
812152 812153
812471 812472
812793 812794
813015 813016
813551 813552
817387 817388
817389 817390
817676 817679
818091 818092
818403 818404
818547 818548
818770 818771
819065 819066
819729 819730
819756 819757
821415 821416
821602 821603
821807 821808
821895 821896
822070 822073
823086 823087
823263 823264
823744 823745
823795 823796
823800 823801
824229 824230
824244 824245
824885 824886
824938 824939
825270 825271
826021 826022
827392 827393
828128 828129
829098 829099
830250 830251
830838 830839
831674 831675
832330 832331
832683 832684
835819 835820
836405 836406
836701 836702
837091 837092
837722 837723
837981 837982
838454 838455
838514 838516
838577 838578
838942 838943
838949 838950
839271 839272
839343 839345
839651 839652
840075 840076
840428 840429
841360 841361
842633 842634
842635 842636
843435 843436
843827 843828
843829 843831
843833 843834
843838 843839
844035 844036
844044 844045
844206 844207
844377 844378
845211 845212
845874 845875
845998 845999
846140 846141
846293 846295
847284 847285
847472 847475
848507 848508
849297 849298
849664 849665
850361 850362
850451 850452
850708 850709
852026 852027
852153 852154
852343 852344
852404 852405
852652 852653
852658 852660
853542 853543
853872 853878
854284 854285
855074 855075
855362 855363
855430 855431
855518 855519
856073 856074
856506 856507
856690 856691
857094 857095
857778 857779
858281 858282
858506 858507
858509 858510
858511 858512
859659 859660
860438 860439
861874 861875
862267 862268
863579 863580
864015 864016
864138 864139
864360 864361
864873 864874
865980 865981
866217 866218
866435 866436
866572 866574
866576 866581
867079 867080
867441 867442
867844 867846
867969 867970
867979 867980
868241 868242
868534 868535
868537 868538
868559 868560
868628 868629
868654 868655
868760 868761
869143 869144
869180 869181
869602 869603
869898 869899
870330 870331
870531 870532
872277 872278
872356 872357
872725 872726
872919 872920
873156 873157
873209 873210
873943 873944
873948 873949
873954 873955
873956 873957
874913 874914
876018 876019
876465 876466
876713 876714
877671 877672
879251 879252
879654 879655
879750 879751
879806 879807
883112 883115
883126 883127
883185 883186
883858 883859
884893 884894
885581 885582
885817 885818
889289 889290
889291 889292
889300 889301
889432 889433
889544 889545
889975 889976
890501 890502
890822 890823
890998 890999
891502 891504
891682 891683
893096 893098
893244 893245
893246 893249
893449 893450
893452 893453
893564 893565
893654 893655
894079 894081
894917 894918
895109 895110
895112 895113
895556 895557
895983 895984
896146 896147
896372 896373
896456 896457
896482 896483
897099 897100
897105 897106
898001 898002
898249 898250
898338 898339
898716 898717
898995 898997
899829 899830
899945 899946
900880 900881
902015 902017
902156 902157
902160 902161
902799 902800
903132 903133
903146 903147
903264 903265
903846 903848
904007 904008
904143 904144
904171 904172
904705 904706
904856 904857
905690 905692
905698 905699
905944 905945
906259 906260
906532 906533
906749 906750
906834 906835
906836 906837
907145 907146
907495 907496
909753 909754
910117 910118
911182 911183
911769 911770
914006 914007
914344 914345
914395 914396
915049 915050
915473 915474
916272 916273
916513 916514
916624 916626
917984 917985
918256 918257
918349 918350
918351 918352
918388 918389
918788 918789
918883 918884
919941 919942
920157 920159
920286 920287
920542 920543
920585 920586
920587 920588
921237 921238
921378 921379
921686 921687
921989 921990
921992 921993
921995 921996
921998 921999
922008 922009
922018 922019
922021 922022
922029 922030
923889 923890
924244 924245
924532 924533
924624 924625
924943 924944
925252 925253
925655 925656
925825 925826
926081 926082
926550 926552
929454 929455
930211 930212
933289 933290
933491 933493
934277 934278
934299 934300
934491 934492
934675 934676
934714 934715
935409 935410
935809 935810
935889 935890
935964 935966
935968 935969
936436 936437
936446 936447
937016 937017
937181 937182
937359 937360
937529 937530
937827 937828
937924 937925
938672 938673
940120 940121
942285 942286
942292 942293
942880 942884
943182 943183
943949 943950
944111 944112
944177 944178
944332 944333
945013 945014
945314 945315
945862 945863
946136 946137
946837 946838
947637 947638
947860 947862
947863 947864
948400 948401
948650 948652
948927 948928
950782 950783
952568 952569
953008 953010
954222 954223
954258 954259
954703 954704
954743 954744
955482 955483
957848 957849
958139 958140
958291 958292
961074 961075
961783 961784
961786 961787
961796 961797
962607 962608
963101 963102
963133 963134
963135 963138
963379 963380
963538 963540
964042 964043
964102 964103
964232 964233
964234 964235
964236 964237
964242 964243
964563 964564
964638 964639
965040 965041
965186 965187
965189 965190
965191 965192
965194 965195
965299 965300
966042 966043
966291 966292
966371 966372
966480 966481
967113 967114
967121 967122
968094 968095
968440 968441
969000 969001
969284 969285
969798 969799
971211 971212
971573 971574
973399 973400
973401 973402
973879 973880
975633 975634
976632 976633
977206 977207
977214 977216
977469 977470
977680 977681
977684 977686
978969 978970
979338 979339
981271 981272
981576 981577
982316 982317
982810 982811
985460 985461
986355 986356
987417 987418
987467 987468
987477 987478
987503 987504
987518 987519
988049 988050
988520 988521
989260 989261
990804 990805
990968 990969
991042 991043
991346 991347
991724 991725
991728 991729
991873 991874
992519 992520
993271 993272
993351 993352
993354 993355
996002 996003
997843 997844
999552 999553
999556 999557
999687 999688
1000137 1000138
1000371 1000372
1000632 1000633
1000733 1000734
1000776 1000777
1000930 1000931
1001012 1001014
1001026 1001027
1001081 1001082
1001378 1001380
1001448 1001449
1001603 1001604
1002015 1002016
1002309 1002310
1002549 1002550
1002557 1002558
1003273 1003274
1005298 1005299
1005733 1005734
1006260 1006261
1006268 1006269
1006551 1006552
1006998 1006999
1007200 1007201
1007401 1007402
1007670 1007671
1007822 1007823
1007825 1007826
1007927 1007928
1008674 1008675
1008682 1008683
1008980 1008981
1008987 1008988
1009070 1009071
1009174 1009175
1009545 1009546
1009749 1009750
1009831 1009832
1010402 1010403
1010498 1010499
1010715 1010716
1011117 1011118
1011407 1011408
1012445 1012446
1012565 1012566
1012821 1012822
1012851 1012852
1013099 1013100
1013414 1013416
1014279 1014280
1014283 1014284
1014290 1014291
1014345 1014346
1014810 1014811
1014813 1014814
1014854 1014855
1014883 1014884
1014923 1014924
1015410 1015411
1015413 1015414
1015876 1015878
1016153 1016154
1016450 1016451
1016452 1016454
1016455 1016456
1016466 1016467
1016964 1016965
1017069 1017070
1017223 1017224
1017433 1017434
1017479 1017480
1017483 1017484
1018345 1018346
1018443 1018444
1020017 1020018
1020431 1020432
1020962 1020963
1021394 1021395
1021824 1021825
1022293 1022294
1022297 1022298
1022469 1022470
1023352 1023353
1023531 1023532
1023630 1023631
1025351 1025352
1025868 1025869
1026148 1026149
1026530 1026531
1026670 1026672
1026821 1026824
1028532 1028533
1028732 1028733
1028801 1028802
1029544 1029545
1029593 1029594
1029761 1029762
1029982 1029983
1030117 1030118
1031261 1031262
1031567 1031568
1031839 1031840
1031863 1031865
1032187 1032191
1032194 1032195
1032630 1032632
1032779 1032780
1032942 1032943
1033419 1033420
1034546 1034547
1035154 1035158
1035421 1035422
1035539 1035540
1036760 1036763
1037101 1037102
1037499 1037500
1037657 1037658
1037902 1037903
1048528 1048529
1048531 1048532
1048536 1048537
1048649 1048650
1048942 1048943
1049388 1049389
1049398 1049399
1049777 1049778
1050358 1050359
1050775 1050776
1051447 1051448
1051509 1051510
1052276 1052277
1052505 1052506
1053442 1053443
1053483 1053484
1053551 1053552
1053553 1053554
1053555 1053556
1054325 1054326
1054327 1054329
1054333 1054334
1054383 1054384
1054385 1054386
1054394 1054395
1054402 1054403
1055920 1055921
1057088 1057091
1064740 1064741
1065527 1065528
1065999 1066000
1066004 1066005
1066006 1066007
1066792 1066793
1067430 1067431
1068443 1068444
1070349 1070354
1070946 1070947
1071119 1071120
1071383 1071384
1072579 1072580
1072682 1072683
1073518 1073519
1073616 1073617
1074900 1074901
1075330 1075331
1075566 1075567
1075582 1075583
1075625 1075626
1075789 1075790
1075990 1075992
1076114 1076115
1078017 1078018
1082337 1082338
1082674 1082675
1082775 1082776
1082902 1082903
1083453 1083454
1084457 1084458
1084553 1084554
1085289 1085290
1085527 1085528
1085785 1085786
1086073 1086074
1086345 1086346
1086393 1086395
1086398 1086399
1086951 1086952
1087230 1087231
1087293 1087294
1088055 1088056
1088173 1088174
1088208 1088209
1088424 1088425
1089546 1089548
1089817 1089819
1089928 1089929
1090511 1090512
1090768 1090769
1091213 1091214
1091429 1091430
1091835 1091836
1091988 1091989
1092453 1092455
1092824 1092825
1092900 1092901
1093830 1093831
1093832 1093833
1094099 1094100
1094105 1094106
1094468 1094469
1095478 1095479
1095978 1095979
1097291 1097292
1097502 1097503
1097617 1097618
1097722 1097723
1102601 1102602
1102708 1102709
1103025 1103026
1103795 1103796
1106651 1106652
1106767 1106768
1106970 1106972
1107382 1107383
1107595 1107597
1107789 1107790
1109127 1109128
1109172 1109174
1111513 1111514
1111578 1111579
1111585 1111586
1111728 1111729
1112111 1112113
1112171 1112172
1112330 1112331
1112337 1112338
1112426 1112427
1112502 1112503
1112816 1112818
1112922 1112923
1113441 1113442
1113522 1113523
1114025 1114026
1114450 1114451
1115157 1115158
1115622 1115623
1115704 1115705
1117082 1117085
1117322 1117323
1117448 1117449
1118403 1118404
1118778 1118779
1119485 1119486
1120336 1120337
1120340 1120341
1121099 1121102
1121516 1121517
1123490 1123491
1123614 1123615
1123857 1123858
1123994 1123995
1124112 1124113
1124668 1124669
1124827 1124828
1125543 1125544
1127228 1127229
1127985 1127986
1129702 1129703
1129741 1129742
1130320 1130321
1131685 1131686
1131792 1131793
1131825 1131826
1132033 1132035
1132675 1132677
1132781 1132782
1132971 1132972
1133572 1133573
1133616 1133617
1133926 1133927
1134132 1134134
1134730 1134731
1134764 1134765
1134822 1134823
1134872 1134873
1134922 1134923
1135293 1135294
1135933 1135934
1136328 1136329
1136566 1136568
1137330 1137331
1137411 1137413
1137589 1137590
1137611 1137612
1137615 1137616
1138327 1138328
1138481 1138482
1139134 1139135
1139142 1139143
1139496 1139497
1139653 1139654
1139662 1139663
1139664 1139665
1140442 1140443
1140701 1140703
1142935 1142936
1144041 1144042
1144647 1144648
1145144 1145145
1145416 1145417
1145813 1145814
1145816 1145817
1145824 1145825
1145969 1145971
1146264 1146265
1146753 1146754
1146757 1146758
1147147 1147148
1147332 1147333
1147342 1147343
1147427 1147428
1149521 1149522
1150229 1150230
1150785 1150786
1151459 1151460
1151461 1151463
1151623 1151624
1151996 1151997
1152542 1152543
1152860 1152861
1152869 1152871
1153038 1153039
1153040 1153041
1153043 1153044
1153259 1153260
1153278 1153279
1153342 1153343
1153632 1153633
1154150 1154151
1154170 1154171
1154300 1154301
1154325 1154326
1154604 1154605
1154919 1154920
1155075 1155076
1155339 1155340
1159893 1159894
1159965 1159966
1160540 1160541
1161368 1161370
1161756 1161757
1163047 1163048
1163576 1163577
1164419 1164420
1164424 1164425
1164439 1164440
1164442 1164443
1164605 1164606
1164812 1164813
1165051 1165052
1165652 1165653
1168100 1168102
1169249 1169250
1169356 1169357
1169738 1169739
1170745 1170747
1171076 1171077
1171332 1171333
1171817 1171818
1171894 1171895
1172141 1172142
1172146 1172147
1172154 1172155
1172162 1172163
1172241 1172242
1173698 1173700
1173733 1173734
1173869 1173870
1173966 1173969
1174821 1174822
1174855 1174856
1174862 1174863
1175255 1175256
1175655 1175656
1175658 1175659
1177688 1177689
1177977 1177978
1177988 1177989
1178096 1178098
1178196 1178197
1178424 1178427
1179080 1179081
1179277 1179278
1179770 1179771
1180044 1180045
1180180 1180181
1180530 1180531
1180537 1180538
1180552 1180553
1180677 1180678
1180682 1180685
1180787 1180788
1180789 1180790
1181062 1181063
1181444 1181445
1181606 1181607
1182882 1182883
1183334 1183335
1183636 1183638
1183730 1183731
1183875 1183876
1184323 1184324
1184325 1184327
1188088 1188089
1188494 1188495
1188516 1188517
1188548 1188549
1188629 1188631
1189355 1189356
1189429 1189431
1189554 1189555
1189640 1189641
1190087 1190088
1190275 1190277
1190410 1190411
1190577 1190580
1190856 1190857
1191085 1191086
1191607 1191608
1191896 1191897
1192355 1192356
1192591 1192592
1192617 1192618
1193627 1193628
1194275 1194276
1194467 1194468
1194998 1194999
1195059 1195060
1195410 1195411
1195414 1195415
1195449 1195451
1195836 1195839
1196002 1196004
1196040 1196041
1196206 1196207
1196289 1196290
1197117 1197118
1197186 1197187
1197581 1197583
1197584 1197585
1197795 1197796
1198278 1198280
1198604 1198605
1199162 1199163
1199353 1199354
1199691 1199692
1199695 1199696
1199835 1199836
1200452 1200453
1200976 1200977
1201596 1201597
1201626 1201627
1201878 1201879
1202695 1202696
1203371 1203372
1203400 1203401
1203640 1203641
1203651 1203653
1204432 1204433
1205089 1205090
1205596 1205597
1206900 1206901
1207084 1207085
1207125 1207126
1207470 1207471
1207672 1207673
1207676 1207677
1207918 1207919
1208078 1208079
1209440 1209441
1209664 1209665
1210983 1210985
1211596 1211597
1211789 1211790
1211861 1211862
1211900 1211901
1211953 1211954
1214415 1214416
1214560 1214561
1214670 1214671
1215542 1215543
1215803 1215804
1215983 1215984
1216190 1216191
1217064 1217065
1217396 1217397
1217479 1217481
1217718 1217719
1217938 1217939
1219405 1219406
1219692 1219693
1219707 1219708
1220818 1220819
1221890 1221891
1223825 1223826
1224263 1224264
1228864 1228865
1228971 1228972
1229320 1229321
1229611 1229612
1230560 1230561
1230576 1230577
1230590 1230591
1230856 1230857
1231941 1231943
1232546 1232547
1232755 1232756
1232965 1232966
1232969 1232970
1232971 1232972
1232980 1232981
1233496 1233498
1233509 1233510
1233522 1233523
1233524 1233525
1234380 1234381
1234525 1234526
1234604 1234607
1234837 1234838
1234840 1234841
1234861 1234862
1235322 1235323
1235847 1235848
1236209 1236210
1236594 1236595
1237180 1237181
1237433 1237434
1237459 1237460
1237462 1237463
1237731 1237732
1237953 1237954
1238657 1238658
1238782 1238783
1238838 1238839
1238852 1238853
1238860 1238861
1238872 1238874
1239487 1239488
1239533 1239534
1239852 1239853
1240186 1240187
1240599 1240600
1240646 1240650
1240718 1240719
1240807 1240808
1241142 1241143
1241253 1241254
1241402 1241404
1241546 1241547
1241587 1241588
1241640 1241641
1242844 1242845
1243416 1243417
1243938 1243939
1244336 1244337
1244404 1244405
1244841 1244842
1245706 1245707
1246611 1246612
1247281 1247282
1247558 1247559
1247560 1247561
1248193 1248194
1248631 1248632
1249404 1249405
1249453 1249454
1249501 1249502
1249577 1249578
1249656 1249657
1249661 1249662
1249665 1249666
1250474 1250475
1250728 1250730
1250909 1250910
1250913 1250914
1251039 1251041
1251049 1251050
1251073 1251074
1251449 1251450
1251505 1251506
1251563 1251564
1252172 1252173
1252390 1252391
1253443 1253444
1253445 1253446
1253751 1253753
1253786 1253787
1254705 1254706
1255044 1255047
1255878 1255879
1255977 1255979
1255984 1255985
1255995 1255996
1255998 1255999
1256879 1256880
1256937 1256938
1257637 1257638
1258237 1258238
1258240 1258241
1258617 1258618
1258817 1258818
1259136 1259137
1259730 1259731
1259922 1259923
1259991 1259992
1260051 1260058
1260540 1260541
1260913 1260914
1261813 1261814
1261984 1261985
1262015 1262017
1262169 1262170
1262291 1262292
1262489 1262490
1262879 1262880
1262882 1262883
1263181 1263182
1263224 1263225
1263248 1263249
1263253 1263254
1263551 1263552
1263554 1263555
1263622 1263623
1263910 1263911
1264147 1264148
1264201 1264202
1264209 1264211
1264429 1264430
1264654 1264655
1265117 1265118
1265124 1265125
1265995 1265996
1266039 1266040
1266689 1266690
1266770 1266772
1267687 1267688
1267982 1267983
1268333 1268334
1268724 1268725
1268912 1268913
1269021 1269022
1269182 1269183
1269432 1269433
1269711 1269712
1272350 1272351
1273385 1273386
1273794 1273795
1274828 1274829
1275388 1275389
1275463 1275465
1275919 1275920
1275978 1275979
1276768 1276770
1276772 1276773
1276925 1276926
1276927 1276928
1277718 1277719
1278330 1278331
1278676 1278677
1279138 1279139
