15755 15756
19990 19991
19992 19993
21503 21504
22278 22279
24629 24630
25484 25485
25917 25918
26034 26035
26037 26038
26043 26044
26899 26900
28916 28917
29715 29716
36430 36431
36432 36433
39697 39698
39810 39812
40262 40263
40797 40798
40887 40888
41088 41089
41793 41794
41857 41858
41862 41863
43560 43563
43564 43566
44229 44230
45522 45523
49223 49224
49696 49697
52522 52523
60898 60899
60900 60902
61630 61631
65454 65455
65503 65504
68576 68577
69433 69434
69788 69789
70537 70538
72346 72347
72361 72362
72363 72364
72368 72369
75199 75200
75514 75515
75517 75518
79820 79821
84258 84259
91034 91035
92707 92708
92804 92805
92806 92807
92808 92809
92810 92811
92815 92816
94014 94015
94016 94017
94290 94291
94691 94692
97604 97606
98347 98348
98350 98351
105223 105224
109530 109531
111346 111347
112867 112868
114168 114169
115523 115524
115725 115726
116308 116309
116528 116529
116633 116636
121598 121599
121601 121602
127366 127367
128195 128196
128605 128606
132020 132021
137212 137213
137340 137341
142146 142147
142753 142754
142757 142758
144383 144384
147823 147824
149589 149590
152634 152635
153061 153062
153087 153088
154836 154837
155385 155386
161664 161665
161672 161673
165510 165511
165779 165781
165784 165785
166127 166128
166599 166600
174943 174944
175577 175578
177234 177235
177381 177382
177994 177995
178667 178668
179074 179075
179084 179085
179088 179089
179090 179091
179093 179094
179100 179101
180034 180035
180037 180038
180043 180044
180045 180046
186648 186649
188279 188280
199309 199310
265760 265761
269034 269035
271937 271938
272033 272034
272039 272040
272747 272748
273268 273269
273483 273484
278763 278764
287026 287027
296732 296733
297396 297397
302751 302752
302782 302783
302787 302788
303106 303107
303472 303473
303474 303475
304321 304322
307533 307534
314166 314167
317375 317376
319481 319482
319486 319487
320084 320085
321231 321232
323418 323419
326889 326890
333256 333257
338961 338962
339425 339426
339845 339846
340070 340071
340160 340161
340162 340163
341308 341309
341517 341518
341803 341805
341955 341956
342028 342029
342269 342270
343411 343412
344343 344344
344943 344944
345445 345446
345448 345449
345453 345454
345467 345468
389464 389465
390548 390549
391269 391270
392242 392243
392700 392701
392810 392811
398209 398215
401047 401048
402336 402337
402971 402972
404059 404060
404177 404178
404181 404182
404805 404806
404811 404812
407637 407638
407976 407977
408708 408709
409092 409093
409505 409506
409664 409665
410227 410228
414660 414661
418551 418552
418624 418625
423375 423376
423437 423439
424175 424176
425089 425090
425230 425231
425385 425386
425395 425396
425715 425716
425970 425971
426187 426188
426772 426773
427252 427253
427738 427739
428293 428294
428359 428360
428365 428366
428417 428418
428599 428600
428973 428974
429168 429169
429295 429296
429959 429960
437149 437150
451792 451793
455820 455821
455979 455980
456083 456084
456486 456487
459709 459710
460065 460066
461604 461605
462447 462448
462449 462450
473751 473752
482796 482797
485256 485257
485258 485259
485270 485271
494206 494208
494210 494211
494984 494985
494988 494989
495077 495078
498306 498307
498312 498313
498352 498353
500957 500958
512906 512907
514701 514702
516545 516546
525273 525274
525415 525416
532605 532606
533609 533610
535743 535744
538751 538752
540572 540573
543396 543397
543875 543876
549814 549815
550840 550841
559873 559874
570002 570003
571218 571219
575678 575679
581074 581075
583379 583380
586260 586261
597796 597797
626076 626077
630888 630889
631364 631365
634354 634355
636988 636989
637184 637185
639848 639849
641617 641618
644146 644147
645755 645756
650804 650805
651732 651733
658766 658770
661972 661973
662273 662274
662948 662949
665812 665813
669362 669363
669965 669966
683001 683002
689339 689340
694024 694025
694026 694027
694034 694035
694704 694705
694764 694765
694850 694851
695001 695002
695187 695188
695224 695225
695459 695460
695623 695624
695830 695831
696491 696492
696712 696713
696861 696862
697781 697782
700142 700143
701997 701998
702507 702508
703118 703119
706068 706069
707796 707797
710213 710214
714683 714684
714685 714686
714687 714688
753221 753222
754804 754805
757914 757915
759769 759770
759775 759776
774822 774823
775478 775479
775640 775641
776625 776626
776797 776798
784879 784880
788954 788955
789765 789766
792057 792058
803151 803152
804141 804142
804144 804145
804146 804147
804324 804325
804626 804627
805361 805362
807571 807572
813426 813427
814740 814741
816930 816931
821033 821034
829161 829162
829679 829680
842048 842049
844211 844212
846108 846109
846230 846231
846480 846481
847266 847267
853803 853804
853805 853806
859930 859931
865773 865774
866918 866919
868751 868752
868767 868768
868894 868895
869011 869012
869171 869174
869618 869619
873931 873932
874213 874214
876263 876264
876267 876268
876278 876279
877388 877389
877411 877412
877621 877622
877692 877693
877750 877751
879518 879519
880129 880130
880134 880135
882783 882784
883105 883106
883537 883538
883742 883743
886228 886229
887443 887444
888684 888685
901419 901420
901856 901857
902673 902675
905473 905474
905622 905623
905768 905769
906233 906234
907024 907026
911163 911164
913575 913576
917865 917866
919631 919632
930530 930531
930543 930545
931817 931818
933441 933442
934339 934340
934342 934343
935088 935089
935523 935524
935646 935647
939668 939669
940967 940968
940969 940970
940971 940972
941038 941039
942094 942095
942724 942725
945263 945264
945301 945302
947917 947918
947956 947957
947980 947981
950052 950053
950690 950691
951791 951792
952762 952763
952902 952903
954850 954851
955271 955272
955585 955587
964310 964311
1025908 1025909
1025914 1025915
1048193 1048194
1048201 1048202
1049904 1049905
1051845 1051846
1053277 1053278
1053410 1053411
1053733 1053734
1054064 1054065
1054760 1054761
1054764 1054765
1055234 1055235
1055689 1055690
1059917 1059922
1064058 1064059
1064546 1064547
1066407 1066408
1071533 1071535
1081242 1081243
1082798 1082800
1085051 1085052
1085736 1085737
1085738 1085739
1086910 1086911
1086959 1086960
1087319 1087320
1088432 1088433
1088598 1088599
1097966 1097967
1102720 1102721
1114757 1114758
1115266 1115267
1115691 1115692
1122207 1122208
1126026 1126027
1130039 1130040
1130755 1130756
1185919 1185921
1186595 1186596
1186893 1186894
1186900 1186901
1187168 1187169
1187179 1187180
1187790 1187791
1188078 1188079
1190416 1190417
1191417 1191418
1194452 1194453
1209586 1209587
1215615 1215617
1221659 1221660
1221662 1221663
1224081 1224082
1229820 1229822
1235224 1235225
1237082 1237083
1237177 1237178
1237846 1237847
1239065 1239066
1240315 1240316
1241357 1241358
1241884 1241885
1241900 1241901
1241903 1241904
1244303 1244304
1250934 1250936
1251921 1251922
1255006 1255007
1262277 1262278
