3892 3893
4226 4228
4834 4835
5202 5204
5375 5376
11108 11109
13096 13097
13369 13370
13379 13380
16719 16720
19181 19182
25981 25982
30268 30269
32302 32303
37048 37049
39569 39570
39624 39625
39628 39629
42657 42658
42669 42670
43120 43121
46667 46668
51864 51865
52086 52087
56198 56204
57217 57218
59350 59351
60265 60266
60928 60929
71044 71045
71046 71047
71251 71252
73772 73773
83735 83736
85113 85114
88156 88157
110405 110406
113221 113222
114763 114764
123009 123010
123217 123218
126122 126123
131000 131001
136744 136745
138411 138412
138416 138417
138597 138598
142169 142170
142610 142611
145430 145431
145474 145475
145938 145939
145948 145949
146184 146185
154720 154721
157585 157586
159002 159003
159469 159470
159471 159472
165038 165039
165042 165043
165044 165045
165047 165048
165514 165515
167597 167598
169579 169580
173497 173498
176853 176854
178863 178864
181359 181360
186452 186453
186995 186996
187481 187482
187551 187552
187717 187718
188628 188629
188915 188916
188917 188918
190895 190896
191330 191331
276794 276795
276799 276800
276804 276805
276893 276894
277030 277031
277320 277321
291783 291784
294227 294228
299788 299790
299954 299955
304704 304705
306585 306586
314016 314018
315606 315607
315612 315613
315658 315659
316118 316119
317258 317259
319729 319730
325768 325769
339138 339139
346842 346843
346844 346845
346847 346848
346849 346850
346852 346853
346854 346855
347937 347938
348576 348577
348605 348606
348932 348933
348936 348937
348939 348940
350209 350210
352710 352711
355782 355783
357818 357819
363137 363138
363545 363546
364294 364295
364714 364715
370116 370117
370901 370902
373474 373475
374385 374386
376791 376792
377778 377779
378054 378055
379130 379131
379133 379134
386359 386360
387058 387060
387427 387428
387552 387553
387588 387589
387590 387591
389641 389642
391096 391097
396719 396720
396758 396759
396760 396761
396864 396865
403113 403114
404854 404855
405651 405652
405774 405775
405776 405777
408688 408689
409443 409444
410947 410948
412146 412147
413204 413205
416865 416866
417052 417053
417054 417055
418867 418868
419005 419006
419074 419075
419955 419956
420178 420179
421531 421532
421713 421714
421727 421728
421875 421876
422084 422085
422086 422087
422107 422108
423277 423278
423659 423660
425658 425659
426466 426467
429126 429127
429720 429721
431644 431645
433308 433309
437944 437945
441030 441031
441687 441688
441841 441842
442021 442022
442025 442026
442815 442816
445278 445279
447976 447977
448086 448087
449858 449859
451488 451489
452635 452636
457217 457218
457348 457349
461897 461901
463630 463631
467210 467211
473918 473919
474791 474792
476575 476576
478111 478112
479800 479801
480688 480689
485883 485884
485885 485886
486922 486923
490209 490210
494288 494289
494290 494291
496118 496119
496888 496890
497300 497301
497310 497311
497353 497354
497407 497408
498509 498510
499166 499167
499183 499184
505534 505535
509842 509843
521716 521717
521973 521974
524193 524194
526709 526710
527096 527097
527099 527100
528203 528204
528773 528775
529614 529615
530294 530295
532291 532292
532295 532296
537327 537328
550505 550506
551872 551873
551877 551878
551882 551883
551891 551892
553089 553090
553396 553397
553399 553400
553402 553403
555754 555755
557313 557314
557673 557674
559777 559778
560005 560006
560468 560469
566047 566048
583523 583526
583730 583731
584038 584039
584041 584042
587261 587262
589783 589784
590288 590289
593892 593893
598614 598615
598809 598810
599130 599131
599258 599259
599603 599604
601924 601925
608501 608502
608506 608507
613872 613873
615088 615089
622758 622759
623131 623132
623303 623304
632089 632090
633488 633489
635085 635086
635144 635145
641033 641034
641300 641301
643059 643060
643064 643065
643066 643067
645362 645363
646956 646957
658403 658404
669666 669667
670131 670132
672085 672086
672089 672090
672093 672094
672097 672098
674983 674984
675144 675145
675842 675843
679923 679924
681700 681701
682014 682016
682342 682343
682704 682705
682874 682875
687507 687508
689047 689048
693284 693285
694053 694054
694055 694056
694058 694059
694180 694181
703444 703445
703691 703692
704523 704525
704768 704769
704772 704773
704951 704952
705634 705635
705924 705925
706743 706744
707177 707178
707180 707181
707182 707183
711122 711123
712654 712656
714435 714436
714686 714687
714863 714864
714882 714883
715271 715272
716759 716760
720070 720072
726613 726614
727909 727910
737057 737058
737742 737743
737817 737818
738056 738057
738450 738451
738712 738713
738802 738803
738809 738810
738865 738866
739337 739338
739953 739954
740111 740112
740218 740219
740697 740698
756225 756226
757431 757432
758133 758134
765134 765135
773560 773561
779408 779409
780906 780907
781267 781269
784842 784843
786103 786104
787040 787041
787133 787134
805415 805416
808008 808009
813177 813178
816223 816224
816554 816555
818091 818092
828423 828426
830317 830318
830323 830324
830620 830621
830735 830736
833965 833966
837927 837928
841755 841756
842645 842646
842687 842688
842689 842690
