3014 3015
3018 3019
3026 3029
3624 3625
4644 4645
4937 4938
5884 5885
6700 6701
7026 7028
7282 7283
7447 7448
7527 7528
7938 7939
8528 8529
13391 13392
13519 13520
13813 13814
14674 14675
14773 14775
15242 15243
16073 16074
16406 16407
18979 18980
18981 18982
20475 20476
22390 22391
22502 22503
23606 23607
23663 23664
23691 23692
24410 24411
25116 25117
25268 25269
25357 25358
25490 25491
26641 26642
27154 27155
27407 27408
27898 27899
30129 30130
30327 30328
30462 30463
30612 30613
30644 30645
31993 31994
32266 32267
32510 32511
33102 33103
33117 33118
33730 33731
34201 34202
34221 34222
34248 34249
34418 34419
34769 34770
34818 34819
34973 34974
34981 34982
35607 35608
36197 36198
36575 36576
36712 36713
37183 37184
38088 38089
38369 38371
38374 38375
38958 38959
39232 39233
39240 39241
39356 39357
40676 40677
40855 40856
41178 41179
41180 41181
41212 41213
41359 41360
42437 42438
42439 42440
42464 42465
42621 42622
43140 43141
43325 43326
43699 43700
43701 43702
43923 43924
44275 44276
44375 44376
45206 45207
47451 47452
47453 47454
48031 48032
48033 48034
48369 48370
48667 48668
49412 49413
49464 49465
49485 49486
50537 50538
50812 50813
52481 52482
52864 52865
52867 52868
53036 53037
54031 54032
54198 54199
54201 54202
54837 54838
54842 54844
54852 54854
55067 55068
56446 56447
56867 56869
56914 56915
57322 57323
58028 58029
58185 58186
60490 60491
62024 62025
62908 62909
64767 64768
65832 65833
66023 66024
66766 66767
66861 66862
67001 67002
68045 68046
68731 68732
68851 68852
69430 69431
70412 70414
70621 70622
70899 70900
70901 70902
70903 70904
70907 70908
70912 70913
70920 70921
71511 71513
71599 71600
72094 72095
72836 72837
72841 72842
72848 72849
73058 73059
73138 73139
73423 73424
73755 73757
74259 74260
75105 75106
75676 75677
75733 75734
75735 75736
75744 75745
76055 76056
76063 76064
76295 76296
76308 76309
76690 76691
77572 77573
80301 80302
80368 80369
80714 80716
81275 81276
81736 81737
83000 83001
83809 83810
83819 83820
84019 84020
84239 84240
84241 84242
84343 84344
84468 84469
85357 85358
85365 85366
86121 86122
86189 86190
86593 86594
86824 86825
87242 87243
88149 88150
88185 88186
88969 88970
89925 89926
90294 90295
90378 90379
90508 90509
90676 90677
90727 90728
90974 90975
91193 91194
91774 91780
92982 92984
93430 93431
95204 95205
95329 95330
95575 95576
97203 97204
98191 98192
99463 99464
99999 100003
100884 100885
100936 100937
102267 102268
102705 102706
102765 102766
103349 103350
103781 103782
104989 104990
105062 105063
106249 106250
106322 106323
106412 106413
106644 106645
106744 106745
107046 107047
107288 107289
107297 107298
107932 107933
108383 108384
108887 108888
108891 108892
110627 110628
110741 110742
113835 113836
115568 115569
117756 117757
118874 118875
119133 119135
119729 119730
120295 120296
121039 121041
121355 121356
121372 121373
122346 122347
123169 123170
126194 126196
127886 127887
127888 127889
128489 128490
128492 128493
128494 128495
128780 128781
128858 128859
130100 130101
130368 130369
130911 130912
131852 131853
133381 133382
133421 133422
133461 133462
133463 133464
133465 133466
134206 134207
134484 134485
134947 134948
135881 135882
136293 136294
136404 136405
136501 136502
136961 136962
136966 136967
136974 136975
137726 137727
138173 138177
138633 138634
139043 139044
139058 139059
139629 139630
139793 139794
140410 140411
141884 141885
141887 141888
141891 141892
141893 141894
142870 142871
143371 143372
143378 143379
143424 143425
143465 143466
143585 143589
143731 143732
143738 143739
144963 144964
145240 145241
145831 145832
153959 153960
155525 155526
155536 155537
156318 156319
160158 160159
160792 160793
161184 161185
161201 161202
161227 161228
161388 161389
161527 161531
161533 161534
161821 161822
163414 163415
164787 164788
165022 165023
165025 165028
165338 165340
165345 165346
166945 166946
166967 166968
167709 167710
168618 168619
168657 168658
169903 169904
170021 170022
170175 170176
170356 170357
170929 170930
172080 172081
172661 172662
173157 173158
173348 173349
173508 173511
173857 173858
173885 173887
173905 173906
175413 175415
176011 176012
176498 176499
176500 176501
177394 177395
177465 177467
177498 177499
177990 177991
178214 178215
179317 179318
179458 179459
179697 179698
179782 179783
179791 179792
179924 179925
180487 180488
180561 180562
180926 180927
181096 181097
181227 181228
182224 182226
182875 182876
183507 183508
183741 183742
183901 183902
183904 183905
185534 185535
185737 185738
185994 185995
187260 187261
188431 188432
189947 189948
190068 190069
190693 190694
191024 191025
191255 191256
191871 191872
191873 191874
191875 191876
192318 192320
192606 192607
194383 194384
194471 194472
198404 198405
198734 198735
198810 198811
198814 198815
199811 199812
200412 200413
200608 200609
200790 200791
200801 200802
201510 201511
201914 201916
202850 202851
203061 203062
203292 203293
203645 203646
204132 204133
204528 204529
204688 204689
204695 204696
204698 204699
205708 205709
205711 205712
205716 205717
206008 206009
208182 208183
208185 208186
208258 208259
208265 208266
208843 208844
208851 208852
209029 209030
209116 209117
209461 209462
209465 209466
210355 210356
210443 210444
210461 210462
210922 210923
211158 211160
212026 212027
212028 212029
212227 212228
212434 212435
213282 213283
214179 214180
214181 214182
214820 214821
214869 214870
215013 215014
215809 215810
215877 215878
215966 215967
218260 218261
219057 219058
219870 219871
221997 221998
222003 222004
222103 222104
222150 222151
222301 222302
222499 222500
222581 222582
222635 222636
222977 222978
223282 223283
223363 223364
223478 223479
224224 224225
224227 224229
224567 224568
224659 224660
224740 224741
224744 224745
224972 224973
225031 225032
225193 225194
225206 225207
225213 225214
225291 225292
226170 226171
226172 226173
227600 227601
227651 227652
227777 227778
227852 227853
228309 228310
228485 228486
228801 228802
229795 229796
229911 229912
230649 230650
230982 230983
231172 231174
232062 232063
232433 232434
232948 232949
234224 234225
234554 234555
234560 234562
234907 234908
236128 236129
236160 236161
236286 236287
236552 236553
236627 236628
237097 237098
237159 237160
237400 237401
237865 237866
238010 238011
238014 238015
238018 238019
238489 238490
239312 239313
239452 239453
239527 239528
239625 239626
240220 240221
240738 240739
240742 240743
241550 241551
241717 241718
242859 242860
243168 243169
244185 244186
244258 244259
244526 244527
244536 244537
244916 244918
246591 246592
246627 246628
249655 249656
249903 249904
252997 252998
253576 253577
253863 253868
254115 254116
254186 254187
254241 254242
254287 254288
254437 254438
254724 254725
254729 254730
255061 255062
255948 255949
256385 256386
256471 256472
256650 256651
256653 256654
257050 257051
257899 257900
257928 257929
257933 257934
258176 258177
258310 258311
258488 258489
259006 259007
259824 259825
260003 260004
260745 260746
268493 268495
268593 268594
268610 268611
268642 268643
269091 269092
269490 269491
269605 269606
269875 269876
269964 269965
270483 270484
270653 270654
270936 270937
271271 271272
272178 272179
272181 272182
272183 272185
272403 272404
272833 272834
274493 274494
274665 274666
274813 274814
275036 275038
276155 276156
276273 276274
276880 276882
276927 276928
276951 276952
277497 277498
277608 277609
277622 277623
278005 278006
278039 278040
278128 278129
279177 279178
279338 279339
279441 279442
279519 279520
279684 279687
280119 280120
280456 280457
280921 280922
281072 281073
281326 281327
282148 282149
287638 287639
287730 287731
287733 287734
288026 288027
288807 288808
288810 288811
288812 288813
288924 288925
289476 289477
290116 290117
290443 290444
291674 291675
291747 291748
291828 291829
291832 291833
291889 291890
292558 292559
292713 292714
292777 292778
292828 292829
292902 292903
293246 293247
293304 293305
293623 293624
293676 293677
293684 293685
293939 293940
294122 294123
294126 294127
294132 294133
294136 294137
294377 294378
294380 294381
294879 294880
298781 298782
299397 299398
303392 303393
303819 303820
303881 303882
304084 304086
304090 304091
304093 304094
304358 304359
304598 304599
304973 304974
305112 305113
306207 306208
308443 308444
321430 321431
321757 321758
321759 321760
325011 325012
325018 325019
325024 325025
325046 325047
325219 325220
325249 325250
325466 325467
325794 325796
325822 325823
326310 326311
326334 326335
326483 326484
326720 326721
326877 326878
327413 327414
327441 327443
327521 327523
328540 328541
328660 328661
328909 328910
329117 329118
329356 329357
329465 329466
329675 329676
331146 331147
331580 331581
334334 334335
340698 340699
340737 340738
340741 340742
340944 340945
341328 341329
342083 342084
343235 343239
344555 344556
345299 345300
345669 345670
346918 346919
348571 348572
348901 348902
349236 349237
349905 349906
350018 350019
350041 350042
350045 350046
350590 350591
350924 350925
350937 350938
350977 350978
351672 351674
351981 351984
351987 351989
352449 352450
352652 352653
353053 353054
353228 353229
353317 353318
353531 353532
353875 353876
354216 354217
354332 354333
354774 354775
354909 354910
357747 357748
358343 358344
358373 358374
358377 358378
358497 358498
358559 358560
359250 359251
359880 359881
360076 360077
360320 360321
360358 360360
360387 360388
360419 360421
360540 360541
360729 360730
361059 361060
361512 361514
361524 361525
362359 362360
362997 362999
365211 365212
365502 365503
365703 365704
366041 366042
366189 366190
366191 366192
366194 366195
367317 367318
367423 367424
367578 367579
367834 367835
367907 367908
368451 368452
368768 368769
369596 369597
369670 369671
369939 369940
370700 370701
371616 371617
371750 371751
371885 371886
372313 372314
372755 372756
372905 372906
373069 373070
373259 373261
373356 373357
373362 373363
373754 373755
373773 373774
374104 374105
374124 374125
374591 374592
374611 374612
374753 374754
375526 375527
375530 375531
375533 375534
376091 376092
376093 376094
376095 376096
376099 376100
376471 376472
376482 376483
376484 376485
376486 376487
376489 376490
376491 376492
376493 376494
376544 376545
376561 376562
376744 376745
376888 376890
377021 377022
377380 377381
377471 377472
377529 377530
377545 377546
377551 377552
377582 377583
377897 377900
378266 378267
378326 378327
378339 378340
378341 378342
378423 378424
378448 378449
378451 378452
378855 378858
379832 379833
382848 382849
384346 384347
385725 385726
386394 386395
386672 386673
386966 386967
387411 387412
388328 388329
389336 389337
389490 389491
389627 389629
390437 390438
390484 390485
390868 390869
391336 391337
391619 391620
392468 392472
392618 392619
394690 394691
396753 396754
397161 397162
397308 397309
397351 397352
397564 397566
397567 397569
397951 397952
398198 398199
398350 398351
398552 398553
398622 398623
398960 398961
399294 399295
399514 399515
399825 399826
400692 400694
406995 406996
407335 407336
407986 407987
409929 409930
409934 409935
409937 409938
411265 411266
411311 411312
411389 411391
411744 411745
411749 411750
411758 411759
411907 411908
412022 412023
412265 412266
412421 412422
412565 412566
412757 412758
413322 413323
413527 413528
413709 413710
414082 414083
414323 414324
416855 416856
420660 420661
420778 420779
421225 421226
421231 421232
421320 421321
421681 421682
421696 421697
422435 422436
422695 422696
422699 422700
422784 422785
422786 422787
423575 423576
423888 423889
424097 424098
424664 424665
425419 425420
425980 425981
426213 426214
426377 426380
426383 426384
426385 426387
426842 426843
426998 426999
427087 427088
427142 427143
427211 427212
430073 430074
430155 430156
431017 431018
431308 431309
432538 432539
432541 432542
432945 432946
432949 432950
433777 433779
434258 434259
435043 435044
435146 435147
435153 435154
435160 435161
435416 435417
435875 435876
437668 437669
437700 437701
437702 437703
438230 438231
438232 438233
438234 438235
438666 438667
438669 438670
438674 438675
438676 438677
438765 438766
439911 439912
440469 440470
440805 440806
441063 441064
443145 443146
443152 443153
443663 443664
443685 443686
443921 443922
444296 444297
444363 444364
444789 444790
445242 445243
445397 445398
446588 446590
446733 446734
447631 447632
447634 447635
447765 447766
448197 448198
448538 448539
448743 448744
448969 448970
449234 449235
449321 449322
449327 449328
449531 449532
449621 449623
450227 450228
450232 450233
451057 451058
451076 451079
451290 451291
452246 452247
454287 454288
454311 454312
454591 454592
454844 454845
455376 455377
455719 455720
455817 455818
456042 456045
456136 456138
456261 456262
456357 456358
457342 457343
457896 457897
459564 459567
459618 459619
459785 459786
460255 460256
460348 460349
460816 460818
461462 461463
461474 461475
461630 461631
462242 462243
462292 462293
462767 462768
462775 462776
463851 463852
464273 464274
464420 464421
464442 464443
464464 464465
465086 465087
465129 465130
465238 465239
465638 465639
466136 466138
466176 466177
467033 467034
467048 467049
467724 467725
468867 468868
469422 469423
469834 469835
470138 470139
470439 470440
471528 471529
472139 472140
475200 475201
475876 475878
475882 475886
475967 475968
476138 476139
476448 476449
476841 476842
477568 477569
478358 478359
479187 479188
479189 479190
479192 479193
480134 480135
480770 480771
480852 480853
481065 481066
481781 481782
481933 481934
482132 482133
482434 482435
482980 482981
483428 483429
483448 483449
483721 483722
484428 484429
484797 484798
485537 485538
485539 485540
485542 485543
485553 485554
485555 485556
486235 486236
486976 486977
487330 487331
488150 488151
490072 490073
490246 490247
490789 490790
491316 491317
491739 491740
491802 491804
492072 492073
492395 492396
492402 492403
492406 492407
492425 492426
493253 493254
493758 493759
493793 493796
494328 494329
494573 494574
498185 498186
499587 499588
499645 499646
499650 499652
500078 500079
500224 500225
500226 500227
500426 500427
500818 500819
501253 501254
501572 501573
502013 502014
502135 502136
502780 502781
502782 502783
502794 502795
502800 502801
503309 503310
503560 503561
503625 503626
504068 504069
504354 504355
504492 504494
504543 504544
504948 504949
505054 505055
505695 505697
505831 505832
505834 505835
508524 508525
512064 512065
513770 513771
514159 514160
515266 515267
515774 515775
516905 516906
517154 517155
517663 517664
517733 517734
518240 518241
520168 520169
521423 521424
521468 521469
522746 522747
523074 523075
524792 524793
524814 524815
524852 524853
525108 525109
525116 525117
525132 525133
525135 525136
525139 525140
525193 525194
525807 525808
526021 526022
526103 526104
526248 526249
526965 526966
527071 527072
527920 527921
528470 528471
528796 528797
528841 528842
528846 528847
528946 528947
529412 529413
529415 529416
529417 529418
529422 529423
536132 536133
540025 540026
543631 543632
543633 543634
543749 543750
543800 543801
543802 543803
543804 543805
545271 545272
545670 545671
546794 546795
548774 548775
550341 550342
550707 550708
551132 551133
551230 551231
552146 552147
552168 552169
552340 552341
552348 552349
552393 552396
552603 552604
552617 552618
552685 552686
552754 552755
554103 554104
555266 555267
555356 555357
555620 555621
556242 556243
556767 556768
556774 556775
556778 556779
556780 556781
556786 556787
556905 556906
557421 557422
557723 557724
559629 559630
559706 559707
559841 559842
561822 561823
562231 562232
563875 563876
564067 564068
564927 564928
568561 568562
568758 568759
569229 569230
569504 569505
570674 570675
573146 573147
573489 573490
573615 573617
573747 573748
573847 573849
574455 574456
574537 574538
575085 575086
576314 576315
576904 576905
577286 577287
580137 580138
580583 580584
580696 580697
581085 581086
582295 582296
582416 582417
582419 582420
582421 582422
582423 582424
582469 582470
582777 582778
582922 582925
583103 583104
583106 583107
583396 583397
583443 583444
583716 583718
584771 584772
584904 584905
585465 585466
585629 585631
585671 585672
586721 586722
587140 587141
587970 587971
588649 588650
589165 589166
589317 589318
589752 589753
590285 590286
590603 590604
590996 590997
591352 591353
592025 592026
593035 593036
593304 593305
593680 593681
593683 593684
593923 593924
593994 593995
594136 594137
595364 595365
595531 595532
595558 595559
595562 595563
596063 596064
596342 596343
596514 596515
596536 596537
596984 596985
597670 597671
597963 597964
598166 598167
598367 598368
598391 598392
599160 599161
599329 599330
599509 599510
599579 599580
599790 599791
599866 599867
600608 600609
600633 600634
600928 600929
601108 601109
601651 601652
601961 601962
601990 601992
602241 602242
603083 603084
603111 603112
617083 617084
617087 617089
617625 617626
617696 617697
618060 618061
618782 618783
619923 619924
620811 620812
620822 620823
620943 620944
621362 621363
621364 621365
621801 621802
622091 622092
622247 622248
622461 622462
625639 625640
626672 626673
626682 626683
627165 627166
628180 628181
630964 630965
631067 631068
632070 632071
632492 632493
633305 633306
633460 633461
633512 633513
633746 633747
633749 633750
633832 633833
634092 634093
634099 634100
634278 634279
634281 634282
634374 634375
634907 634908
635612 635613
635753 635754
635787 635788
636034 636035
636296 636297
637434 637435
639540 639541
640751 640752
640922 640923
641041 641042
641646 641647
642263 642264
642277 642278
642911 642912
644457 644458
644918 644920
644921 644922
645476 645477
645908 645909
646617 646618
646683 646684
646715 646716
647077 647078
647364 647365
647644 647645
647646 647647
647655 647656
647705 647707
648030 648032
648238 648239
648842 648843
648881 648882
649210 649213
649531 649532
649737 649738
649901 649902
650166 650167
650588 650589
650590 650591
650681 650682
650863 650864
651108 651109
651192 651193
652551 652552
652707 652708
652729 652730
652947 652948
653110 653111
653174 653175
653406 653407
653649 653650
655532 655534
656215 656216
658620 658621
660631 660632
661754 661755
665044 665045
667309 667310
667756 667757
667809 667810
668365 668366
669126 669127
669744 669745
669749 669750
669755 669756
669764 669765
669767 669768
670717 670718
670797 670798
670805 670806
671150 671151
671405 671406
671410 671411
671414 671415
671986 671991
671993 671995
672091 672092
672798 672799
673034 673035
673554 673555
673558 673559
673597 673598
673794 673795
673818 673819
673876 673877
674126 674127
674378 674379
674889 674890
674926 674927
674928 674931
675486 675487
675489 675490
675496 675497
675608 675609
676284 676285
676445 676446
676455 676459
676588 676589
677351 677352
678029 678030
678174 678175
678177 678178
678179 678180
678304 678305
678405 678407
678569 678570
678635 678636
678645 678646
679561 679562
680231 680232
680376 680377
680509 680510
680561 680562
680892 680893
680894 680895
680921 680925
681317 681318
681322 681323
681426 681427
682150 682151
682478 682479
682822 682823
683489 683490
684949 684950
685531 685533
686028 686029
686081 686082
686088 686089
686380 686381
686514 686515
686760 686761
687127 687128
687180 687181
687913 687914
687917 687918
687929 687930
688269 688270
688278 688279
689140 689141
689571 689572
690557 690559
690571 690572
690623 690624
690824 690825
691792 691793
691799 691800
691806 691807
692407 692408
692492 692493
692529 692530
695136 695137
695142 695144
695278 695279
696331 696332
696412 696413
697234 697235
697815 697816
698221 698222
698916 698917
699272 699273
699509 699510
700741 700742
702525 702526
702580 702581
702745 702746
703137 703138
704313 704316
704742 704743
704919 704920
705336 705337
705599 705600
706045 706046
709658 709659
709660 709661
710739 710740
711334 711335
711372 711373
711557 711558
712734 712735
712737 712738
712746 712747
712755 712756
712763 712764
713867 713868
714032 714033
714351 714352
716153 716154
716687 716688
717228 717229
717595 717597
717906 717907
717908 717909
719079 719080
719294 719295
719638 719639
719640 719641
719994 719995
720189 720190
720193 720194
720452 720453
720684 720685
720834 720835
720970 720971
721564 721565
721756 721757
721761 721762
722870 722871
723446 723447
723910 723911
723949 723950
724104 724105
724107 724108
725052 725053
725861 725863
725971 725973
726037 726038
726080 726081
726243 726244
727020 727021
727377 727378
727713 727714
727875 727876
728155 728157
729396 729397
729878 729879
730462 730463
730913 730914
731134 731135
732045 732046
732050 732051
732931 732932
733499 733500
733502 733503
733504 733507
733842 733843
734219 734220
734980 734981
738105 738106
738125 738126
738136 738138
739241 739242
739631 739632
742593 742594
742600 742601
742611 742612
742645 742647
742665 742666
742771 742772
743575 743576
743914 743915
743972 743973
743981 743982
744077 744078
744423 744424
744555 744558
745686 745687
746163 746164
747978 747979
747995 747996
748001 748002
748866 748868
749019 749021
749111 749112
749922 749923
751302 751303
751583 751584
751894 751895
751907 751908
752188 752189
752530 752531
752683 752684
752756 752757
752763 752764
752787 752788
752817 752818
753073 753074
753075 753076
753657 753658
754182 754183
754638 754639
754899 754901
755192 755193
756725 756726
756729 756730
756732 756733
756737 756738
756742 756743
757850 757852
757981 757982
758241 758242
758326 758327
758333 758334
758404 758405
758818 758819
758839 758840
759024 759025
759143 759144
759270 759271
759525 759526
761388 761389
761599 761600
762537 762538
763079 763080
763188 763189
764177 764178
764414 764415
765206 765207
765592 765593
766158 766159
766456 766457
766909 766910
767134 767135
767842 767843
768007 768008
770008 770009
770144 770145
770392 770394
773168 773169
774566 774567
774570 774571
774592 774593
774733 774734
775967 775968
776745 776746
776819 776821
777575 777576
777740 777741
778011 778012
778678 778679
778686 778687
779106 779107
779688 779689
779754 779755
780163 780164
780626 780627
780983 780984
781604 781605
784318 784319
784573 784574
784667 784669
785122 785123
785591 785592
786234 786235
786652 786653
787191 787192
787344 787345
787556 787557
787588 787589
787732 787733
787908 787909
788222 788223
788232 788233
788239 788240
788246 788247
788911 788912
789121 789122
789211 789212
789812 789814
791313 791314
791918 791919
792433 792434
792437 792438
792688 792690
792799 792800
793104 793105
793425 793426
794043 794044
794090 794091
794430 794431
795140 795141
795188 795189
795410 795411
795627 795628
796025 796026
796182 796183
796184 796185
796188 796189
796191 796192
796297 796298
796517 796518
797847 797849
797887 797889
798115 798116
808609 808610
810164 810165
810382 810383
811288 811289
812704 812705
813125 813126
813679 813680
813805 813806
814106 814108
814723 814724
815167 815168
815171 815172
815173 815174
815176 815177
815396 815397
815460 815461
816498 816499
817169 817170
818484 818485
818580 818581
818582 818583
819959 819960
820368 820369
820612 820613
820789 820790
820872 820873
821109 821110
821346 821347
821520 821521
821742 821743
821885 821886
822512 822513
823710 823711
824317 824318
824354 824355
824726 824727
824735 824736
824737 824738
825081 825082
825179 825180
825185 825186
825874 825875
826185 826186
826398 826399
827097 827098
828432 828433
828443 828444
829150 829151
829727 829728
829733 829735
830163 830164
830616 830617
831021 831022
831398 831400
831632 831633
831903 831904
832369 832370
834686 834687
834720 834721
836138 836139
839815 839816
841032 841033
841447 841448
845783 845784
845788 845789
848234 848235
848426 848427
849497 849498
849504 849505
849507 849508
849515 849516
849520 849521
849810 849811
850131 850132
850480 850481
850988 850989
851058 851059
852966 852967
853205 853206
853333 853334
853462 853464
853789 853790
854865 854866
855626 855627
855778 855779
855823 855824
856164 856165
856266 856267
857631 857632
857650 857651
857661 857662
858034 858036
858385 858386
858552 858553
859142 859143
859145 859146
859384 859385
860571 860573
860754 860755
860950 860951
861932 861933
862091 862092
862093 862094
862338 862339
862388 862389
862592 862593
862605 862606
862717 862718
864067 864068
864317 864318
865289 865290
865291 865292
865709 865710
866044 866045
866101 866102
866547 866548
867084 867085
867574 867575
868011 868012
868812 868813
869085 869086
869101 869102
869105 869106
869188 869189
869337 869338
869788 869789
869866 869867
869871 869872
870273 870274
870456 870457
871023 871024
871194 871195
871196 871197
871686 871687
872216 872217
872357 872359
873003 873004
873076 873077
873228 873229
873332 873333
873393 873394
873823 873824
874301 874304
874702 874703
875238 875239
875520 875521
875661 875662
875663 875664
875668 875669
876090 876091
876840 876841
876948 876949
877053 877054
877368 877369
877903 877904
878129 878130
879073 879074
880195 880196
880379 880380
880792 880793
880800 880801
880803 880804
881492 881493
881495 881497
881707 881708
881777 881778
881800 881801
882041 882042
882393 882394
882509 882510
882612 882613
883530 883531
883972 883973
884943 884944
885012 885014
885101 885102
885205 885206
885507 885508
888217 888218
888223 888224
888283 888284
888830 888831
888833 888834
888844 888845
888848 888849
888853 888854
889790 889791
892530 892531
892550 892551
892836 892837
892838 892839
892997 892998
894246 894248
895099 895100
897003 897004
897042 897043
897979 897980
898877 898878
899108 899109
901820 901821
902134 902135
903460 903461
904181 904182
904755 904756
905922 905923
907914 907915
908716 908721
908964 908965
908966 908967
909190 909191
909338 909339
909725 909727
910453 910454
911149 911151
911307 911308
911359 911360
911412 911413
913590 913591
913687 913691
913935 913936
914142 914143
914904 914905
915038 915039
915114 915115
915118 915119
915763 915764
916156 916159
916161 916163
916366 916367
916898 916899
916934 916935
917265 917266
917670 917671
917789 917790
918859 918860
919165 919166
920024 920025
920472 920473
920569 920570
920617 920618
921075 921076
921344 921345
921705 921706
921995 921996
921997 921998
922225 922226
922620 922621
923176 923178
923771 923772
924554 924555
925087 925088
925985 925986
927134 927135
927220 927221
927392 927393
927536 927537
928110 928114
928155 928156
928158 928159
928465 928466
928704 928705
929056 929057
929395 929396
929544 929545
929810 929811
929812 929813
930420 930421
930468 930469
931011 931012
932033 932034
932144 932145
932642 932643
932789 935169
935296 935297
935505 935506
936412 936413
936449 936450
936456 936457
937106 937107
937254 937255
937268 937269
937660 937661
937665 937669
938157 938158
938402 938403
938693 938694
938791 938792
939195 939196
939546 939547
939711 939712
939761 939762
940832 940833
940834 940835
941132 941133
941356 941357
942662 942663
942671 942672
942678 942679
942681 942682
942689 942690
942692 942693
942698 942699
943438 943439
943661 943662
944175 944176
945105 945107
945582 945583
946860 946861
946880 946881
947047 947048
947150 947151
947591 947592
947966 947967
948823 948824
948840 948841
949230 949231
949234 949235
949239 949240
949243 949244
949524 949526
949720 949721
950254 950255
950402 950403
950666 950667
950677 950679
950743 950744
950778 950779
951160 951164
952263 952264
954620 954621
955037 955038
956035 956036
956464 956465
957083 957084
957309 957310
961354 961355
962112 962113
962298 962299
962309 962312
962520 962521
962540 962541
962624 962625
962929 962930
963597 963598
963599 963600
963854 963856
964185 964186
965656 965657
965764 965765
966043 966044
967024 967026
967343 967344
968869 968870
971485 971486
971639 971640
971881 971882
971924 971925
972703 972704
973798 973799
974151 974152
975282 975283
976019 976021
976692 976694
977546 977547
977694 977695
977696 977697
978709 978710
978848 978849
979898 979899
980612 980613
980704 980705
980710 980711
981526 981527
981529 981530
981707 981708
981928 981930
982125 982126
982815 982816
983158 983159
983810 983811
984300 984301
984421 984422
984423 984424
985636 985637
985784 985785
986463 986464
987042 987044
989499 989500
990333 990334
993384 993385
993807 993809
995648 995651
996379 996380
996541 996542
997166 997167
997221 997222
997392 997393
998213 998214
998447 998448
999050 999052
999176 999178
999322 999323
999920 999921
1000089 1000090
1000106 1000107
1000657 1000658
1001077 1001078
1001199 1001200
1002714 1002715
1003132 1003134
1003200 1003201
1004110 1004111
1004112 1004113
1004115 1004116
1004400 1004401
1004420 1004421
1004839 1004840
1005356 1005357
1005364 1005365
1005720 1005721
1005886 1005887
1007398 1007399
1007537 1007538
1008243 1008245
1008827 1008828
1010532 1010533
1011166 1011167
1011545 1011546
1012242 1012243
1012412 1012413
1012554 1012555
1012627 1012628
1012686 1012688
1013169 1013170
1014135 1014136
1014143 1014144
1014271 1014272
1014692 1014693
1015086 1015087
1016056 1016057
1016072 1016074
1016430 1016431
1016490 1016491
1016506 1016507
1017391 1017392
1017694 1017696
1017902 1017903
1018287 1018288
1018292 1018293
1018580 1018581
1019595 1019596
1019602 1019603
1019718 1019719
1019932 1019933
1020077 1020078
1020363 1020364
1020552 1020553
1020718 1020719
1020721 1020722
1021637 1021638
1021644 1021645
1023126 1023127
1023175 1023176
1024119 1024121
1024998 1024999
1025167 1025168
1026504 1026505
1026870 1026871
1026977 1026978
1027361 1027362
1027364 1027365
1027581 1027582
1027993 1027997
1028060 1028063
1028070 1028071
1028205 1028207
1028464 1028465
1028707 1028708
1028971 1028972
1029083 1029084
1029105 1029106
1029161 1029162
1029589 1029590
1029620 1029621
1029672 1029673
1029680 1029681
1031719 1031720
1031742 1031743
1031752 1031756
1031935 1031936
1032611 1032612
1032613 1032614
1033119 1033120
1033548 1033549
1033817 1033818
1034155 1034158
1034861 1034862
1035350 1035351
1035578 1035579
1035583 1035584
1036504 1036505
1036956 1036957
1037031 1037033
1037524 1037525
1037557 1037558
1037580 1037581
1037982 1037983
1037986 1037987
1038123 1038124
1038206 1038207
1039155 1039156
1039186 1039187
1039602 1039605
1040111 1040112
1040114 1040115
1040718 1040719
1040728 1040729
1041290 1041291
1041311 1041312
1041625 1041626
1041660 1041661
1041665 1041667
1041673 1041682
1042409 1042410
1042486 1042487
1043300 1043301
1043500 1043501
1043504 1043505
1044246 1044247
1045442 1045443
1045444 1045445
1045446 1045447
1045669 1045670
1045885 1045886
1046228 1046229
1046230 1046231
1046719 1046720
1047105 1047106
1048467 1048468
1048703 1048704
1051107 1051108
1051620 1051621
1052541 1052542
1053578 1053579
1053661 1053662
1054192 1054193
1054283 1054284
1055199 1055200
1055346 1055347
1056008 1056009
1057627 1057630
1057766 1057767
1058359 1058360
1058367 1058368
1058452 1058453
1058821 1058824
1059825 1059826
1072859 1072860
1076223 1076225
1076297 1076298
1076879 1076880
1077145 1077146
1077622 1077623
1077798 1077799
1078062 1078063
1078115 1078116
1078136 1078137
1078504 1078505
1078857 1078858
1078895 1078896
1079857 1079858
1080217 1080218
1080338 1080339
1080343 1080345
1082035 1082036
1082148 1082149
1082263 1082264
1084783 1084784
1086644 1086645
1089810 1089811
1090073 1090074
1090082 1090083
1090372 1090374
1090399 1090400
1090957 1090958
1091637 1091638
1091807 1091808
1091973 1091974
1092518 1092519
1093488 1093489
1094471 1094472
1094473 1094477
1094481 1094482
1094642 1094643
1094739 1094740
1094771 1094772
1098291 1098292
1098773 1098774
1098776 1098777
1098780 1098781
1098973 1098974
1099018 1099019
1099333 1099334
1099429 1099432
1099527 1099528
1099646 1099647
1099790 1099791
1100095 1100096
1100348 1100349
1100469 1100470
1100761 1100762
1100812 1100813
1101614 1101615
1101696 1101697
1101858 1101859
1102255 1102257
1103029 1103030
1103735 1103736
1104155 1104158
1104167 1104169
1104217 1104218
1104268 1104269
1104688 1104689
1105592 1105593
1105694 1105695
1106210 1106211
1106301 1106302
1106305 1106307
1106334 1106335
1106353 1106354
1106457 1106458
1107546 1107547
1110725 1110726
1113394 1113395
1113405 1113406
1113504 1113505
1113604 1113605
1113979 1113980
1114390 1114391
1115384 1115385
1135661 1135669
1136355 1136356
1136556 1136557
1137421 1137424
1137527 1137528
1137608 1137609
1138305 1138307
1138887 1138888
1138967 1138968
1139494 1139495
1139666 1139667
1139751 1139752
1140242 1140243
1140306 1140307
1140851 1140852
1140860 1140861
1140864 1140865
1141178 1141179
1141182 1141183
1141606 1141607
1141942 1141943
1142146 1142147
1142373 1142374
1143470 1143471
1143472 1143473
1143474 1143475
1143559 1143561
1143569 1143570
1143659 1143660
1144671 1144672
1144901 1144902
1145086 1145088
1145533 1145534
1145788 1145790
1146198 1146199
1146944 1146945
1147039 1147040
1147616 1147617
1148439 1148440
1149943 1149944
1150570 1150572
1150661 1150662
1153223 1153224
1155153 1155154
1155890 1155891
1155938 1155939
1155940 1155941
1155959 1155961
1155962 1155963
1156327 1156328
1156555 1156556
1156611 1156616
1156750 1156751
1157018 1157019
1157368 1157369
1157385 1157387
1157990 1157991
1158326 1158327
1158489 1158491
1158685 1158686
1158935 1158936
1159460 1159461
1159734 1159735
1160514 1160515
1160890 1160891
1161047 1161048
1161200 1161201
1161516 1161518
1161873 1161874
1165031 1165032
1165390 1165391
1167042 1167044
1167052 1167053
1167065 1167066
1167087 1167088
1168194 1168195
1168691 1168692
1169247 1169248
1169258 1169259
1169263 1169264
1169680 1169682
1169842 1169843
1170197 1170199
1170635 1170636
1170718 1170719
1171018 1171019
1171606 1171607
1171609 1171610
1171613 1171614
1171813 1171814
1171843 1171844
1171927 1171928
1172058 1172059
1172577 1172578
1172896 1172897
1173220 1173221
1173300 1173301
1173303 1173304
1173383 1173384
1173934 1173935
1174013 1174014
1176269 1176270
1176537 1176538
1182966 1182967
1184354 1184355
1184370 1184371
1185170 1185171
1185492 1185493
1185709 1185710
1185732 1185733
1186049 1186051
1186206 1186207
1186265 1186266
1186509 1186510
1186766 1186767
1186797 1186798
1186879 1186880
1187461 1187462
1187574 1187575
1188232 1188233
1188472 1188473
1188778 1188779
1189086 1189087
1189472 1189473
1189480 1189481
1189625 1189626
1190625 1190628
1190923 1190924
1192023 1192024
1192158 1192159
1192526 1192527
1192933 1192934
1193507 1193508
1194078 1194079
1194120 1194121
1194447 1194448
1194454 1194455
1195060 1195061
1195851 1195852
1196553 1196555
1196817 1196818
1197068 1197069
1197072 1197073
1197078 1197079
1197613 1197614
1198268 1198269
1198272 1198273
1198274 1198275
1198279 1198280
1198904 1198906
1199066 1199067
1199271 1199272
1199615 1199616
1199823 1199824
1200511 1200512
1201199 1201200
1201999 1202000
1203860 1203862
1204584 1204585
1205797 1205799
1206635 1206636
1207013 1207014
1207092 1207093
1207167 1207168
1207172 1207173
1207175 1207176
1207794 1207795
1207894 1207895
1208042 1208043
1208140 1208141
1208398 1208399
1208452 1208453
1214683 1214684
1216384 1216385
1216411 1216412
1216971 1216972
1217092 1217093
1218920 1218921
1219904 1219905
1220186 1220187
1220557 1220558
1220562 1220563
1220565 1220566
1220607 1220608
1221057 1221058
1221301 1221302
1221718 1221719
1222269 1222270
1222552 1222553
1222817 1222819
1223013 1223015
1223286 1223287
1223346 1223347
1223348 1223349
1223419 1223420
1223508 1223509
1223705 1223707
1223889 1223890
1223922 1223926
1224524 1224525
1224577 1224578
1226148 1226149
1227000 1227001
1230232 1230233
1233016 1233017
1233623 1233624
1233673 1233674
1234468 1234469
1234477 1234478
1237054 1237055
1238344 1238345
1238504 1238505
1238630 1238631
1238633 1238634
1238844 1238845
1238869 1238870
1239085 1239086
1239153 1239154
1239320 1239321
1239845 1239846
1239908 1239910
1239975 1239976
1240544 1240545
1241053 1241054
1241742 1241743
1241744 1241745
1241751 1241752
1241754 1241755
1241758 1241759
1241760 1241761
1242106 1242107
1242391 1242392
1242654 1242656
1242673 1242674
1243373 1243374
1243378 1243379
1243383 1243384
1243385 1243386
1243390 1243391
1243408 1243409
1243724 1243725
1243862 1243863
1243942 1243943
1244092 1244093
1244105 1244106
1245334 1245335
1245762 1245763
1246094 1246095
1246430 1246431
1247184 1247185
1247965 1247966
1247973 1247974
1248052 1248053
1248267 1248268
1248270 1248271
1249102 1249103
1249919 1249920
1250376 1250377
1250736 1250737
1250835 1250836
1250838 1250839
1250904 1250905
1251011 1251012
1251133 1251135
1251238 1251239
1253280 1253281
1253504 1253505
1255021 1255022
1255837 1255838
1257221 1257222
1257563 1257564
1258233 1258234
1258479 1258480
1258965 1258966
1258980 1258981
1258986 1258987
1258990 1258991
1259086 1259087
1260867 1260868
1262601 1262602
1262735 1262736
1263311 1263312
1263697 1263699
1263706 1263707
1263751 1263755
1264223 1264224
1264358 1264359
1265045 1265046
1265381 1265382
1265863 1265864
1266213 1266214
1266215 1266216
1266219 1266220
1266247 1266248
1266251 1266252
1266555 1266556
1266961 1266962
1266964 1266965
1270215 1270216
1270641 1270642
1270644 1270645
1270701 1270702
1270805 1270806
1270811 1270812
