3892 3893
4226 4228
4834 4835
5202 5204
5375 5376
11108 11109
13096 13097
13369 13370
13379 13380
16719 16720
19181 19182
25981 25982
30268 30269
32302 32303
37048 37049
39569 39570
39624 39625
39628 39629
42657 42658
42669 42670
43120 43121
46667 46668
51864 51865
52086 52087
56198 56204
57217 57218
59350 59351
60265 60266
60928 60929
71044 71045
71046 71047
71251 71252
73772 73773
83735 83736
85113 85114
88156 88157
110405 110406
113221 113222
114763 114764
123009 123010
123217 123218
126122 126123
131000 131001
136744 136745
138411 138412
138416 138417
138597 138598
142169 142170
142610 142611
145430 145431
145474 145475
145938 145939
145948 145949
146184 146185
154720 154721
157585 157586
159002 159003
159469 159470
159471 159472
165038 165039
165042 165043
165044 165045
165047 165048
165514 165515
167597 167598
169579 169580
173497 173498
176853 176854
178863 178864
181359 181360
186452 186453
186995 186996
187481 187482
187551 187552
187717 187718
188628 188629
188915 188916
188917 188918
190895 190896
191330 191331
276794 276795
276799 276800
276804 276805
276893 276894
277030 277031
277320 277321
291783 291784
294227 294228
299788 299790
299954 299955
304704 304705
306585 306586
314016 314018
315606 315607
315612 315613
315658 315659
316118 316119
317258 317259
319729 319730
325768 325769
339138 339139
346842 346843
346844 346845
346847 346848
346849 346850
346852 346853
346854 346855
347937 347938
348576 348577
348605 348606
348932 348933
348936 348937
348939 348940
350209 350210
352710 352711
355782 355783
357818 357819
363137 363138
363545 363546
364294 364295
364714 364715
370116 370117
370901 370902
373474 373475
374385 374386
376791 376792
377778 377779
378054 378055
379130 379131
379133 379134
386359 386360
387058 387060
387427 387428
387552 387553
387588 387589
387590 387591
389641 389642
391096 391097
396719 396720
396758 396759
396760 396761
396864 396865
403113 403114
404854 404855
405651 405652
405774 405775
405776 405777
408688 408689
409443 409444
410947 410948
412146 412147
413204 413205
416865 416866
417052 417053
417054 417055
418867 418868
419005 419006
419074 419075
419955 419956
420178 420179
421531 421532
421713 421714
421727 421728
421875 421876
422084 422085
422086 422087
422107 422108
423277 423278
423659 423660
425658 425659
426466 426467
429126 429127
429720 429721
431644 431645
433308 433309
437944 437945
441030 441031
441687 441688
441841 441842
442021 442022
442025 442026
442815 442816
445278 445279
447976 447977
448086 448087
449858 449859
451488 451489
452635 452636
457217 457218
457348 457349
461897 461901
463630 463631
467210 467211
473918 473919
474791 474792
476575 476576
478111 478112
479800 479801
480688 480689
485883 485884
485885 485886
486922 486923
490209 490210
494288 494289
494290 494291
496118 496119
496888 496890
497300 497301
497310 497311
497353 497354
497407 497408
498509 498510
499166 499167
499183 499184
505534 505535
509842 509843
521716 521717
521973 521974
524193 524194
526709 526710
527096 527097
527099 527100
528203 528204
528773 528775
529614 529615
530294 530295
532291 532292
532295 532296
537327 537328
550505 550506
551872 551873
551877 551878
551882 551883
551891 551892
553089 553090
553396 553397
553399 553400
553402 553403
555754 555755
557313 557314
557673 557674
559777 559778
560005 560006
560468 560469
566047 566048
583523 583526
583730 583731
584038 584039
584041 584042
587261 587262
589783 589784
590288 590289
593892 593893
598614 598615
598809 598810
599130 599131
599258 599259
599603 599604
601924 601925
608501 608502
608506 608507
613872 613873
615088 615089
622758 622759
623131 623132
623303 623304
632089 632090
633488 633489
635085 635086
635144 635145
641033 641034
641300 641301
643059 643060
643064 643065
643066 643067
645362 645363
646956 646957
658403 658404
669666 669667
670131 670132
672085 672086
672089 672090
672093 672094
672097 672098
674983 674984
675144 675145
675842 675843
679923 679924
681700 681701
682014 682016
682342 682343
682704 682705
682874 682875
687507 687508
689047 689048
693284 693285
694053 694054
694055 694056
694058 694059
694180 694181
703444 703445
703691 703692
704523 704525
704768 704769
704772 704773
704951 704952
705634 705635
705924 705925
706743 706744
707177 707178
707180 707181
707182 707183
711122 711123
712654 712656
714435 714436
714686 714687
714863 714864
714882 714883
715271 715272
716759 716760
720070 720072
726613 726614
727909 727910
737057 737058
737742 737743
737817 737818
738056 738057
738450 738451
738712 738713
738802 738803
738809 738810
738865 738866
739337 739338
739953 739954
740111 740112
740218 740219
740697 740698
756225 756226
757431 757432
758133 758134
765134 765135
773560 773561
779408 779409
780906 780907
781267 781269
784842 784843
786103 786104
787040 787041
787133 787134
805415 805416
808008 808009
813177 813178
816223 816224
816554 816555
818091 818092
828423 828426
830317 830318
830323 830324
830620 830621
830735 830736
833965 833966
837927 837928
841755 841756
842645 842646
842687 842688
842689 842690
851267 851268
855771 855772
856439 856440
856885 856886
858033 858034
858721 858722
861722 861723
861812 861813
862319 862320
862361 862362
862440 862441
862444 862445
862699 862700
862806 862807
862911 862912
862928 862929
863047 863049
863953 863954
863964 863965
864720 864721
864964 864965
864993 864994
865647 865648
865968 865969
866129 866130
866133 866134
866136 866137
866141 866142
866144 866145
866237 866238
866467 866468
867302 867303
867875 867876
868356 868357
868516 868517
869425 869426
869486 869487
871260 871261
873441 873442
880802 880803
880898 880899
881197 881198
884005 884006
889497 889498
889506 889507
891255 891256
893199 893200
896954 896955
899611 899612
899695 899696
899781 899782
900093 900094
901276 901277
901432 901433
902216 902217
902287 902288
902300 902301
902306 902307
902308 902309
902315 902316
902319 902320
902322 902323
902400 902401
902402 902404
902413 902414
902571 902572
905236 905237
905591 905593
905629 905630
906233 906234
908084 908085
908214 908215
910826 910827
911193 911194
914778 914779
915199 915200
918657 918658
918818 918820
919625 919626
919793 919796
920238 920239
920431 920435
922465 922466
922500 922501
923438 923439
923466 923467
924618 924619
927760 927761
931898 931899
937037 937038
944559 944560
944607 944608
944672 944673
945206 945207
945591 945592
946625 946626
947000 947001
947002 947003
949038 949039
949738 949739
949781 949782
955331 955332
955693 955694
966525 966526
970450 970451
970452 970453
970467 970468
979837 979838
981963 981964
982372 982373
982831 982832
982872 982873
985858 985859
986041 986042
986150 986151
986425 986426
986437 986438
986512 986513
988931 988932
999014 999015
1000322 1000323
1003659 1003660
1003766 1003767
1004303 1004304
1004354 1004355
1004984 1004985
1009041 1009042
1009054 1009055
1010359 1010360
1013070 1013071
1020823 1020824
1021183 1021184
1024008 1024009
1027008 1027009
1027454 1027456
1029754 1029755
1030380 1030381
1030726 1030727
1030951 1030952
1031107 1031108
1032790 1032791
1034260 1034261
1034526 1034527
1034880 1034881
1036461 1036462
1054286 1054287
1055261 1055262
1058977 1058978
1059982 1059983
1068045 1068046
1073571 1073572
1073811 1073812
1076332 1076333
1076338 1076339
1076699 1076700
1077116 1077117
1077918 1077919
1080051 1080052
1085874 1085875
1085878 1085879
1090272 1090273
1090981 1090982
1092308 1092309
1093147 1093148
1115287 1115288
1115295 1115296
1115297 1115298
1115305 1115306
1115307 1115308
1115319 1115320
1115518 1115519
1115595 1115596
1116380 1116381
1116510 1116511
1117040 1117041
1118220 1118221
1118501 1118502
1118504 1118505
1118509 1118510
1118511 1118512
1118517 1118518
1119700 1119701
1119963 1119964
1123045 1123046
1123295 1123296
1123585 1123586
1123692 1123693
1128011 1128012
1128139 1128140
1133777 1133779
1135771 1135772
1137944 1137945
1138217 1138218
1149612 1149613
1149615 1149616
1149620 1149621
1150849 1150850
1152534 1152535
1154373 1154374
1155228 1155229
1155237 1155238
1156804 1156805
1169976 1169977
1174834 1174835
1175910 1175911
1178878 1178879
1183852 1183853
1184863 1184864
1184865 1184866
1185001 1185002
1186863 1186864
1189920 1189921
1198802 1198803
1210105 1210106
1210596 1210597
1210605 1210606
1210938 1210939
1211117 1211118
1212121 1212122
1212610 1212611
1212819 1212820
1219246 1219247
1219262 1219263
1219625 1219626
1221097 1221098
1221321 1221322
1221846 1221848
1227514 1227515
1229599 1229600
1232329 1232330
1237159 1237160
1237429 1237433
1238082 1238084
1240788 1240789
1241847 1241848
1242327 1242328
1242712 1242713
1242760 1242761
1242843 1242844
1242847 1242848
1242849 1242850
1242851 1242852
1242854 1242855
1243238 1243239
1250378 1250379
1254345 1254346
1259266 1259267
1259531 1259532
1259535 1259536
1268246 1268247
1272313 1272314
1272325 1272326
1276771 1276772
1279257 1279258
1279305 1279306
1283032 1283033
